john bandy shishir
1.0 1.0 4.0 7.0
1.852 4.165 5.359 7.599
2.704 7.24 6.707 8.184
3.555 10.223 8.047 8.755
4.407 13.116 9.376 9.312
5.259 15.918 10.696 9.855
6.111 18.628 12.006 10.383
6.963 21.248 13.306 10.897
7.814 23.777 14.597 11.397
8.666 26.215 15.878 11.883
9.518 28.562 17.149 12.355
10.37 30.818 18.411 12.812
11.222 32.983 19.663 13.256
12.073 35.058 20.905 13.685
12.925 37.041 22.138 14.1
13.777 38.933 23.36 14.501
14.629 40.735 24.574 14.888
15.481 42.445 25.777 15.26
16.332 44.065 26.971 15.619
17.184 45.594 28.155 15.963
18.036 47.031 29.329 16.293
18.888 48.378 30.494 16.609
19.74 49.634 31.649 16.911
20.591 50.799 32.794 17.198
21.443 51.873 33.93 17.471
22.295 52.856 35.055 17.731
23.147 53.749 36.172 17.976
23.999 54.55 37.278 18.207
24.85 55.26 38.375 18.423
25.702 55.88 39.462 18.626
26.554 56.408 40.539 18.814
27.406 56.846 41.607 18.988
28.258 57.192 42.665 19.148
29.109 57.448 43.713 19.294
29.961 57.613 44.752 19.426
30.813 57.687 45.781 19.544
31.665 57.67 46.8 19.647
32.516 57.562 47.81 19.736
33.368 57.363 48.809 19.811
34.22 57.073 49.8 19.872
35.072 56.692 50.78 19.919
35.924 56.221 51.751 19.951
36.775 55.658 52.712 19.969
37.627 55.005 53.663 19.974
38.479 54.26 54.605 19.964
39.331 53.425 55.537 19.939
40.183 52.501 56.459 19.901
41.034 51.553 57.377 19.859
41.886 50.611 58.291 19.817
42.738 49.675 59.202 19.776
43.59 48.745 60.11 19.735
44.442 47.821 61.015 19.694
45.293 46.903 61.917 19.653
46.145 45.991 62.815 19.613
46.997 45.085 63.711 19.573
47.849 44.185 64.604 19.533
48.701 43.291 65.493 19.494
49.552 42.403 66.379 19.455
50.404 41.521 67.263 19.416
51.256 40.645 68.143 19.377
52.108 39.775 69.02 19.339
52.96 38.911 69.894 19.301
53.811 38.053 70.765 19.264
54.663 37.201 71.633 19.226
55.515 36.355 72.498 19.19
56.367 35.515 73.359 19.153
57.219 34.681 74.218 19.117
58.07 33.853 75.073 19.08
58.922 33.031 75.926 19.045
59.774 32.215 76.775 19.009
60.626 31.406 77.621 18.974
61.478 30.602 78.465 18.939
62.329 29.804 79.305 18.905
63.181 29.012 80.142 18.871
64.033 28.226 80.975 18.837
64.885 27.446 81.806 18.803
65.737 26.672 82.634 18.77
66.588 25.904 83.458 18.737
67.44 25.142 84.28 18.704
68.292 24.386 85.098 18.672
69.144 23.636 85.914 18.64
69.996 22.892 86.726 18.608
70.847 22.154 87.535 18.577
71.699 21.422 88.341 18.546
72.551 20.697 89.144 18.515
73.403 19.977 89.944 18.484
74.255 19.263 90.741 18.454
75.106 18.555 91.534 18.424
75.958 17.853 92.325 18.395
76.81 17.157 93.113 18.365
77.662 16.467 93.897 18.336
78.514 15.783 94.678 18.308
79.365 15.105 95.457 18.279
80.217 14.433 96.232 18.251
81.069 13.767 97.004 18.223
81.921 13.108 97.773 18.196
82.773 12.454 98.539 18.169
83.624 11.806 99.302 18.142
84.476 11.164 100.061 18.115
85.328 10.528 100.818 18.089
86.18 9.898 101.571 18.063
87.031 9.274 102.322 18.038
87.883 8.656 103.069 18.012
88.735 8.044 103.814 17.987
89.587 7.438 104.555 17.962
90.439 6.839 105.293 17.938
91.29 6.245 106.028 17.914
92.142 5.657 106.76 17.89
92.994 5.075 107.488 17.867
93.846 4.499 108.214 17.844
94.698 3.929 108.937 17.821
95.549 3.365 109.656 17.798
96.401 2.807 110.373 17.776
97.253 2.256 111.086 17.754
98.105 1.71 111.797 17.732
98.957 1.17 112.504 17.711
99.808 0.636 113.208 17.69
100.66 0.108 113.909 17.669
101.512 -0.414 114.607 17.649
102.364 -0.93 115.302 17.629
103.216 -1.439 115.993 17.609
104.067 -1.943 116.682 17.589
104.919 -2.441 117.368 17.57
105.771 -2.933 118.05 17.551
106.623 -3.419 118.729 17.533
107.475 -3.899 119.406 17.514
108.326 -4.373 120.079 17.496
109.178 -4.84 120.749 17.479
110.03 -5.302 121.416 17.461
110.882 -5.758 122.08 17.444
111.734 -6.208 122.741 17.428
112.585 -6.652 123.399 17.411
113.437 -7.09 124.053 17.395
114.289 -7.522 124.705 17.379
115.141 -7.947 125.353 17.364
115.993 -8.367 125.999 17.348
116.844 -8.781 126.641 17.334
117.696 -9.189 127.28 17.319
118.548 -9.591 127.916 17.305
119.4 -9.987 128.549 17.291
120.252 -10.376 129.179 17.277
121.103 -10.76 129.806 17.264
121.955 -11.138 130.43 17.251
122.807 -11.51 131.051 17.238
123.659 -11.876 131.668 17.225
124.511 -12.235 132.283 17.213
125.362 -12.589 132.894 17.201
126.214 -12.937 133.502 17.19
127.066 -13.279 134.108 17.179
127.918 -13.615 134.71 17.168
128.77 -13.945 135.309 17.157
129.621 -14.268 135.905 17.147
130.473 -14.586 136.498 17.137
131.325 -14.898 137.087 17.127
132.177 -15.204 137.674 17.118
133.029 -15.504 138.258 17.108
133.88 -15.797 138.838 17.1
134.732 -16.085 139.416 17.091
135.584 -16.367 139.99 17.083
136.436 -16.643 140.561 17.075
137.288 -16.913 141.129 17.068
138.139 -17.176 141.694 17.06
138.991 -17.434 142.256 17.053
139.843 -17.686 142.815 17.047
140.695 -17.932 143.371 17.04
141.546 -18.171 143.924 17.034
142.398 -18.405 144.473 17.029
143.25 -18.633 145.02 17.023
144.102 -18.855 145.563 17.018
144.954 -19.071 146.104 17.013
145.805 -19.28 146.641 17.009
146.657 -19.484 147.175 17.005
147.509 -19.682 147.706 17.001
148.361 -19.874 148.234 16.997
149.213 -20.059 148.759 16.994
150.064 -20.239 149.281 16.991
150.916 -20.413 149.8 16.988
151.768 -20.581 150.315 16.986
152.62 -20.743 150.828 16.984
153.472 -20.898 151.337 16.982
154.323 -21.048 151.844 16.981
155.175 -21.192 152.347 16.979
156.027 -21.33 152.847 16.979
156.879 -21.461 153.344 16.978
157.731 -21.587 153.838 16.978
158.582 -21.707 154.329 16.978
159.434 -21.821 154.817 16.978
160.286 -21.928 155.302 16.979
161.138 -22.03 155.783 16.98
161.99 -22.126 156.262 16.981
162.841 -22.216 156.737 16.983
163.693 -22.299 157.21 16.985
164.545 -22.377 157.679 16.987
165.397 -22.449 158.145 16.99
166.249 -22.515 158.608 16.993
167.1 -22.574 159.068 16.996
167.952 -22.628 159.525 16.999
168.804 -22.676 159.979 17.003
169.656 -22.718 160.43 17.007
170.508 -22.753 160.877 17.011
171.359 -22.783 161.322 17.016
172.211 -22.807 161.763 17.021
173.063 -22.824 162.202 17.026
173.915 -22.836 162.637 17.032
174.767 -22.842 163.069 17.038
175.618 -22.842 163.498 17.044
176.47 -22.835 163.924 17.051
177.322 -22.823 164.347 17.057
178.174 -22.805 164.767 17.065
179.026 -22.78 165.184 17.072
179.877 -22.75 165.598 17.08
180.729 -22.714 166.008 17.088
181.581 -22.672 166.416 17.096
182.433 -22.623 166.82 17.105
183.285 -22.569 167.221 17.114
184.136 -22.509 167.62 17.123
184.988 -22.442 168.015 17.133
185.84 -22.37 168.407 17.143
186.692 -22.292 168.796 17.153
187.544 -22.207 169.182 17.163
188.395 -22.117 169.564 17.174
189.247 -22.021 169.944 17.185
190.099 -21.919 170.321 17.197
190.951 -21.81 170.694 17.208
191.803 -21.696 171.065 17.22
192.654 -21.576 171.432 17.233
193.506 -21.449 171.796 17.245
194.358 -21.317 172.157 17.258
195.21 -21.179 172.515 17.272
196.062 -21.034 172.87 17.285
196.913 -20.884 173.222 17.299
197.765 -20.728 173.571 17.313
198.617 -20.565 173.917 17.328
199.469 -20.397 174.259 17.342
200.32 -20.223 174.599 17.358
201.172 -20.042 174.935 17.373
202.024 -19.856 175.269 17.389
202.876 -19.664 175.599 17.405
203.728 -19.465 175.926 17.421
204.579 -19.261 176.25 17.438
205.431 -19.051 176.571 17.455
206.283 -18.834 176.889 17.472
207.135 -18.612 177.204 17.489
207.987 -18.384 177.515 17.507
208.838 -18.149 177.824 17.525
209.69 -17.909 178.13 17.544
210.542 -17.663 178.432 17.563
211.394 -17.41 178.731 17.582
212.246 -17.152 179.028 17.601
213.097 -16.888 179.321 17.621
213.949 -16.617 179.611 17.641
214.801 -16.341 179.898 17.661
215.653 -16.059 180.182 17.682
216.505 -15.77 180.463 17.702
217.356 -15.476 180.74 17.724
218.208 -15.176 181.015 17.745
219.06 -14.869 181.286 17.767
219.912 -14.557 181.555 17.789
220.764 -14.238 181.82 17.812
221.615 -13.914 182.083 17.834
222.467 -13.584 182.342 17.857
223.319 -13.247 182.598 17.881
224.171 -12.905 182.851 17.904
225.023 -12.557 183.101 17.928
225.874 -12.202 183.348 17.953
226.726 -11.842 183.591 17.977
227.578 -11.475 183.832 18.002
228.43 -11.103 184.07 18.027
229.282 -10.725 184.304 18.053
230.133 -10.34 184.535 18.079
230.985 -9.95 184.764 18.105
231.837 -9.553 184.989 18.131
232.689 -9.151 185.211 18.158
233.541 -8.743 185.43 18.185
234.392 -8.328 185.646 18.212
235.244 -7.908 185.859 18.24
236.096 -7.482 186.068 18.268
236.948 -7.049 186.275 18.296
237.8 -6.611 186.479 18.325
238.651 -6.166 186.679 18.354
239.503 -5.716 186.877 18.383
240.355 -5.26 187.071 18.412
241.207 -4.797 187.262 18.442
242.059 -4.329 187.45 18.472
242.91 -3.854 187.635 18.502
243.762 -3.374 187.817 18.533
244.614 -2.887 187.996 18.564
245.466 -2.395 188.172 18.596
246.318 -1.897 188.344 18.627
247.169 -1.392 188.514 18.659
248.021 -0.882 188.681 18.691
248.873 -0.365 188.844 18.724
249.725 0.157 189.004 18.757
250.577 0.685 189.161 18.79
251.428 1.22 189.316 18.823
252.28 1.76 189.467 18.857
253.132 2.307 189.615 18.891
253.984 2.859 189.759 18.926
254.835 3.418 189.901 18.96
255.687 3.982 190.04 18.995
256.539 4.552 190.176 19.031
257.391 5.129 190.308 19.066
258.243 5.711 190.437 19.102
259.094 6.3 190.564 19.138
259.946 6.894 190.687 19.175
260.798 7.495 190.807 19.212
261.65 8.101 190.924 19.249
262.502 8.714 191.038 19.286
263.353 9.332 191.149 19.324
264.205 9.956 191.257 19.362
265.057 10.587 191.362 19.4
265.909 11.223 191.463 19.439
266.761 11.866 191.562 19.478
267.612 12.514 191.657 19.517
268.464 13.169 191.749 19.557
269.316 13.829 191.839 19.597
270.168 14.496 191.925 19.637
271.02 15.168 192.008 19.677
271.871 15.847 192.088 19.718
272.723 16.531 192.165 19.759
273.575 17.222 192.239 19.801
274.427 17.918 192.309 19.843
275.279 18.62 192.377 19.885
276.13 19.329 192.442 19.927
276.982 20.043 192.503 19.97
277.834 20.764 192.561 20.012
278.686 21.49 192.617 20.056
279.538 22.223 192.669 20.099
280.389 22.961 192.718 20.143
281.241 23.706 192.764 20.187
282.093 24.456 192.807 20.232
282.945 25.213 192.847 20.277
283.797 25.975 192.883 20.322
284.648 26.744 192.917 20.367
285.5 27.518 192.947 20.413
286.352 28.299 192.975 20.459
287.204 29.085 192.999 20.505
288.056 29.878 193.021 20.552
288.907 30.676 193.039 20.599
289.759 31.481 193.054 20.646
290.611 32.291 193.066 20.693
291.463 33.108 193.075 20.741
292.315 33.93 193.081 20.789
293.166 34.759 193.083 20.838
294.018 35.593 193.083 20.887
294.87 36.434 193.08 20.936
295.722 37.28 193.073 20.985
296.574 38.133 193.063 21.035
297.425 38.991 193.051 21.085
298.277 39.856 193.035 21.135
299.129 40.726 193.016 21.186
299.981 41.603 192.994 21.237
300.833 42.485 192.969 21.288
301.684 43.374 192.941 21.339
302.536 44.268 192.91 21.391
303.388 45.169 192.875 21.443
304.24 46.076 192.838 21.496
305.092 46.988 192.797 21.549
305.943 47.907 192.754 21.602
306.795 48.831 192.707 21.655
307.647 49.762 192.657 21.709
308.499 50.698 192.604 21.763
309.351 51.641 192.548 21.817
310.202 52.589 192.489 21.871
311.054 53.544 192.427 21.926
311.906 54.504 192.362 21.982
312.758 55.471 192.294 22.037
313.609 56.443 192.222 22.093
314.461 57.422 192.148 22.149
315.313 58.407 192.07 22.205
316.165 59.397 191.989 22.262
317.017 60.394 191.906 22.319
317.868 61.396 191.819 22.377
318.72 62.405 191.729 22.434
319.572 63.419 191.636 22.492
320.424 64.44 191.54 22.55
321.276 65.466 191.44 22.609
322.127 66.499 191.338 22.668
322.979 67.538 191.233 22.727
323.831 68.582 191.124 22.786
324.683 69.633 191.013 22.846
325.535 70.689 190.898 22.906
326.386 71.752 190.78 22.967
327.238 72.82 190.659 23.027
328.09 73.895 190.535 23.089
328.942 74.976 190.408 23.15
329.794 76.062 190.278 23.211
330.645 77.153 190.146 23.273
331.497 78.246 190.013 23.335
332.349 79.341 189.881 23.396
333.201 80.437 189.748 23.457
334.053 81.535 189.614 23.518
334.904 82.634 189.481 23.579
335.756 83.735 189.348 23.64
336.608 84.837 189.214 23.7
337.46 85.941 189.08 23.761
338.312 87.046 188.946 23.821
339.163 88.153 188.812 23.881
340.015 89.261 188.678 23.94
340.867 90.371 188.544 24.0
341.719 91.483 188.409 24.059
342.571 92.596 188.274 24.118
343.422 93.711 188.139 24.177
344.274 94.827 188.004 24.235
345.126 95.945 187.869 24.294
345.978 97.064 187.734 24.352
346.83 98.185 187.598 24.41
347.681 99.307 187.462 24.468
348.533 100.431 187.326 24.526
349.385 101.557 187.19 24.583
350.237 102.684 187.054 24.641
351.089 103.813 186.918 24.698
351.94 104.943 186.781 24.755
352.792 106.074 186.644 24.811
353.644 107.208 186.507 24.868
354.496 108.343 186.37 24.924
355.348 109.479 186.233 24.98
356.199 110.617 186.096 25.036
357.051 111.756 185.958 25.092
357.903 112.897 185.82 25.148
358.755 114.04 185.683 25.203
359.607 115.184 185.545 25.258
360.458 116.33 185.406 25.313
361.31 117.477 185.268 25.368
362.162 118.626 185.129 25.422
363.014 119.776 184.991 25.477
363.866 120.928 184.852 25.531
364.717 122.081 184.713 25.585
365.569 123.236 184.574 25.639
366.421 124.393 184.434 25.692
367.273 125.551 184.295 25.746
368.124 126.71 184.155 25.799
368.976 127.872 184.015 25.852
369.828 129.034 183.875 25.905
370.68 130.199 183.735 25.957
371.532 131.364 183.595 26.01
372.383 132.532 183.454 26.062
373.235 133.701 183.313 26.114
374.087 134.871 183.172 26.166
374.939 136.043 183.031 26.217
375.791 137.217 182.89 26.269
376.642 138.392 182.749 26.32
377.494 139.568 182.607 26.371
378.346 140.747 182.466 26.422
379.198 141.926 182.324 26.472
380.05 143.108 182.182 26.523
380.901 144.29 182.04 26.573
381.753 145.475 181.897 26.623
382.605 146.661 181.755 26.673
383.457 147.848 181.612 26.723
384.309 149.037 181.469 26.772
385.16 150.228 181.326 26.822
386.012 151.42 181.183 26.871
386.864 152.614 181.04 26.92
387.716 153.809 180.896 26.968
388.568 155.006 180.753 27.017
389.419 156.204 180.609 27.065
390.271 157.404 180.465 27.113
391.123 158.606 180.321 27.161
391.975 159.809 180.176 27.209
392.827 161.013 180.032 27.256
393.678 162.219 179.887 27.304
394.53 163.427 179.743 27.351
395.382 164.636 179.598 27.398
396.234 165.847 179.452 27.444
397.086 167.059 179.307 27.491
397.937 168.273 179.162 27.537
398.789 169.488 179.016 27.583
399.641 170.705 178.87 27.629
400.493 171.924 178.724 27.675
401.345 173.144 178.578 27.721
402.196 174.365 178.432 27.766
403.048 175.588 178.285 27.811
403.9 176.813 178.139 27.856
404.752 178.039 177.992 27.901
405.604 179.267 177.845 27.945
406.455 180.496 177.698 27.99
407.307 181.727 177.551 28.034
408.159 182.96 177.403 28.078
409.011 184.194 177.256 28.122
409.863 185.429 177.108 28.165
410.714 186.666 176.96 28.209
411.566 187.905 176.812 28.252
412.418 189.145 176.664 28.295
413.27 190.387 176.515 28.338
414.122 191.63 176.367 28.381
414.973 192.875 176.218 28.423
415.825 194.121 176.069 28.465
416.677 195.369 175.92 28.507
417.529 196.619 175.77 28.549
418.381 197.87 175.621 28.591
419.232 199.122 175.471 28.632
420.084 200.377 175.322 28.673
420.936 201.632 175.172 28.714
421.788 202.889 175.022 28.755
422.639 204.148 174.871 28.796
423.491 205.409 174.721 28.836
424.343 206.67 174.571 28.877
425.195 207.934 174.42 28.917
426.047 209.199 174.269 28.957
426.898 210.465 174.118 28.996
427.75 211.733 173.967 29.036
428.602 213.003 173.815 29.075
429.454 214.274 173.664 29.114
430.306 215.547 173.512 29.153
431.157 216.821 173.36 29.192
432.009 218.097 173.208 29.23
432.861 219.374 173.056 29.269
433.713 220.653 172.903 29.307
434.565 221.934 172.751 29.345
435.416 223.216 172.598 29.382
436.268 224.499 172.445 29.42
437.12 225.785 172.292 29.457
437.972 227.071 172.139 29.494
438.824 228.359 171.986 29.531
439.675 229.649 171.832 29.568
440.527 230.94 171.678 29.605
441.379 232.233 171.524 29.641
442.231 233.528 171.37 29.677
443.083 234.824 171.216 29.713
443.934 236.121 171.062 29.749
444.786 237.42 170.907 29.785
445.638 238.721 170.753 29.82
446.49 240.023 170.598 29.855
447.342 241.327 170.443 29.89
448.193 242.632 170.288 29.925
449.045 243.939 170.132 29.96
449.897 245.247 169.977 29.994
450.749 246.557 169.821 30.028
451.601 247.869 169.665 30.062
452.452 249.182 169.509 30.096
453.304 250.496 169.353 30.13
454.156 251.812 169.197 30.163
455.008 253.13 169.04 30.196
455.86 254.449 168.884 30.229
456.711 255.77 168.727 30.262
457.563 257.092 168.57 30.295
458.415 258.416 168.413 30.327
459.267 259.741 168.255 30.359
460.119 261.068 168.098 30.391
460.97 262.397 167.94 30.423
461.822 263.727 167.782 30.455
462.674 265.059 167.624 30.486
463.526 266.392 167.466 30.518
464.378 267.726 167.308 30.549
465.229 269.063 167.149 30.58
466.081 270.4 166.991 30.61
466.933 271.74 166.832 30.641
467.785 273.081 166.673 30.671
468.637 274.423 166.514 30.701
469.488 275.767 166.354 30.731
470.34 277.113 166.195 30.761
471.192 278.46 166.035 30.79
472.044 279.808 165.876 30.82
472.896 281.159 165.716 30.849
473.747 282.51 165.555 30.878
474.599 283.864 165.395 30.906
475.451 285.218 165.235 30.935
476.303 286.575 165.074 30.963
477.155 287.933 164.913 30.991
478.006 289.292 164.752 31.019
478.858 290.653 164.591 31.047
479.71 292.016 164.43 31.075
480.562 293.38 164.269 31.102
481.413 294.746 164.107 31.129
482.265 296.113 163.945 31.156
483.117 297.482 163.783 31.183
483.969 298.852 163.621 31.209
484.821 300.224 163.459 31.236
485.672 301.597 163.296 31.262
486.524 302.972 163.134 31.288
487.376 304.349 162.971 31.314
488.228 305.727 162.808 31.339
489.08 307.107 162.645 31.365
489.931 308.488 162.482 31.39
490.783 309.871 162.318 31.415
491.635 311.255 162.155 31.44
492.487 312.641 161.991 31.464
493.339 314.028 161.827 31.489
494.19 315.417 161.663 31.513
495.042 316.808 161.499 31.537
495.894 318.2 161.334 31.561
496.746 319.593 161.17 31.585
497.598 320.988 161.005 31.608
498.449 322.385 160.84 31.631
499.301 323.783 160.675 31.654
500.153 325.183 160.51 31.677
501.005 326.584 160.344 31.7
501.857 327.987 160.179 31.722
502.708 329.392 160.013 31.745
503.56 330.798 159.847 31.767
504.412 332.205 159.681 31.789
505.264 333.614 159.515 31.81
506.116 335.025 159.349 31.832
506.967 336.437 159.182 31.853
507.819 337.851 159.015 31.874
508.671 339.266 158.848 31.895
509.523 340.683 158.681 31.916
510.375 342.101 158.514 31.936
511.226 343.521 158.347 31.956
512.078 344.943 158.179 31.977
512.93 346.366 158.012 31.997
513.782 347.79 157.844 32.016
514.634 349.216 157.676 32.036
515.485 350.644 157.507 32.055
516.337 352.073 157.339 32.074
517.189 353.504 157.171 32.093
518.041 354.936 157.002 32.112
518.893 356.37 156.833 32.13
519.744 357.806 156.664 32.149
520.596 359.243 156.495 32.167
521.448 360.681 156.325 32.185
522.3 362.121 156.156 32.203
523.152 363.563 155.986 32.22
524.003 365.006 155.816 32.238
524.855 366.451 155.646 32.255
525.707 367.897 155.476 32.272
526.559 369.345 155.306 32.289
527.411 370.794 155.135 32.305
528.262 372.245 154.965 32.322
529.114 373.697 154.794 32.338
529.966 375.151 154.623 32.354
530.818 376.607 154.452 32.37
531.67 378.064 154.28 32.385
532.521 379.523 154.109 32.401
533.373 380.983 153.937 32.416
534.225 382.445 153.765 32.431
535.077 383.908 153.593 32.446
535.928 385.373 153.421 32.46
536.78 386.839 153.249 32.475
537.632 388.307 153.077 32.489
538.484 389.777 152.904 32.503
539.336 391.248 152.731 32.517
540.187 392.72 152.558 32.531
541.039 394.195 152.385 32.544
541.891 395.67 152.212 32.557
542.743 397.148 152.038 32.57
543.595 398.626 151.865 32.583
544.446 400.107 151.691 32.596
545.298 401.589 151.517 32.608
546.15 403.072 151.343 32.621
547.002 404.557 151.168 32.633
547.854 406.044 150.994 32.645
548.705 407.532 150.819 32.656
549.557 409.021 150.644 32.668
550.409 410.513 150.47 32.679
551.261 412.005 150.294 32.69
552.113 413.5 150.119 32.701
552.964 414.995 149.944 32.712
553.816 416.493 149.768 32.722
554.668 417.992 149.592 32.733
555.52 419.492 149.416 32.743
556.372 420.994 149.24 32.753
557.223 422.498 149.064 32.763
558.075 424.003 148.888 32.772
558.927 425.51 148.711 32.781
559.779 427.018 148.534 32.791
560.631 428.528 148.357 32.8
561.482 430.039 148.18 32.808
562.334 431.552 148.003 32.817
563.186 433.066 147.825 32.825
564.038 434.582 147.648 32.833
564.89 436.1 147.47 32.841
565.741 437.619 147.292 32.849
566.593 439.14 147.114 32.857
567.445 440.662 146.936 32.864
568.297 442.186 146.757 32.871
569.149 443.711 146.579 32.878
570.0 445.238 146.4 32.885
570.852 446.766 146.221 32.892
571.704 448.296 146.042 32.898
572.556 449.828 145.863 32.904
573.408 451.361 145.684 32.91
574.259 452.895 145.504 32.916
575.111 454.431 145.324 32.922
575.963 455.969 145.144 32.927
576.815 457.508 144.964 32.933
577.667 459.049 144.784 32.938
578.518 460.591 144.604 32.942
579.37 462.135 144.423 32.947
580.222 463.681 144.242 32.952
581.074 465.228 144.062 32.956
581.926 466.776 143.881 32.96
582.777 468.326 143.699 32.964
583.629 469.878 143.518 32.967
584.481 471.431 143.336 32.971
585.333 472.986 143.155 32.974
586.185 474.542 142.973 32.977
587.036 476.1 142.791 32.98
587.888 477.659 142.609 32.983
588.74 479.22 142.426 32.985
589.592 480.783 142.244 32.988
590.443 482.347 142.061 32.99
591.295 483.912 141.878 32.992
592.147 485.479 141.695 32.993
592.999 487.048 141.512 32.995
593.851 488.618 141.329 32.996
594.702 490.19 141.145 32.997
595.554 491.763 140.961 32.998
596.406 493.338 140.778 32.999
597.258 494.915 140.593 33.0
598.11 496.493 140.409 33.0
598.961 498.072 140.225 33.0
599.813 499.653 140.04 33.0
600.665 501.236 139.856 33.0
601.517 502.82 139.671 32.999
602.369 504.406 139.486 32.999
603.22 505.993 139.301 32.998
604.072 507.582 139.115 32.997
604.924 509.172 138.93 32.996
605.776 510.764 138.744 32.994
606.628 512.358 138.558 32.993
607.479 513.953 138.373 32.991
608.331 515.549 138.186 32.989
609.183 517.147 138.0 32.987
610.035 518.747 137.814 32.984
610.887 520.348 137.627 32.982
611.738 521.951 137.44 32.979
612.59 523.555 137.253 32.976
613.442 525.161 137.066 32.973
614.294 526.768 136.879 32.969
615.146 528.377 136.691 32.966
615.997 529.988 136.504 32.962
616.849 531.6 136.316 32.958
617.701 533.214 136.128 32.954
618.553 534.829 135.94 32.95
619.405 536.445 135.751 32.945
620.256 538.064 135.563 32.94
621.108 539.683 135.374 32.935
621.96 541.305 135.185 32.93
622.812 542.928 134.997 32.925
623.664 544.552 134.807 32.919
624.515 546.178 134.618 32.914
625.367 547.806 134.429 32.908
626.219 549.435 134.239 32.902
627.071 551.065 134.049 32.895
627.923 552.698 133.859 32.889
628.774 554.331 133.669 32.882
629.626 555.967 133.479 32.875
630.478 557.604 133.289 32.868
631.33 559.242 133.098 32.861
632.182 560.882 132.907 32.853
633.033 562.523 132.716 32.846
633.885 564.166 132.525 32.838
634.737 565.811 132.334 32.83
635.589 567.457 132.142 32.821
636.441 569.105 131.951 32.813
637.292 570.754 131.759 32.804
638.144 572.405 131.567 32.795
638.996 574.057 131.375 32.786
639.848 575.711 131.183 32.777
640.7 577.367 130.99 32.768
641.551 579.024 130.798 32.758
642.403 580.682 130.605 32.748
643.255 582.342 130.412 32.738
644.107 584.004 130.219 32.728
644.959 585.667 130.026 32.718
645.81 587.332 129.833 32.707
646.662 588.998 129.639 32.696
647.514 590.666 129.445 32.685
648.366 592.335 129.251 32.674
649.217 594.006 129.057 32.663
650.069 595.679 128.863 32.651
650.921 597.353 128.669 32.639
651.773 599.028 128.474 32.627
652.625 600.706 128.279 32.615
653.476 602.384 128.085 32.603
654.328 604.064 127.889 32.59
655.18 605.746 127.694 32.577
656.032 607.43 127.499 32.564
656.884 609.114 127.303 32.551
657.735 610.801 127.108 32.538
658.587 612.489 126.912 32.524
659.439 614.178 126.716 32.51
660.291 615.87 126.52 32.497
661.143 617.562 126.323 32.482
661.994 619.256 126.127 32.468
662.846 620.952 125.93 32.454
663.698 622.649 125.733 32.439
664.55 624.348 125.536 32.424
665.402 626.049 125.339 32.409
666.253 627.75 125.141 32.393
667.105 629.454 124.944 32.378
667.957 631.159 124.746 32.362
668.809 632.866 124.548 32.346
669.661 634.574 124.35 32.33
670.512 636.283 124.152 32.314
671.364 637.995 123.954 32.297
672.216 639.707 123.755 32.281
673.068 641.422 123.557 32.264
673.92 643.138 123.358 32.247
674.771 644.855 123.159 32.23
675.623 646.574 122.96 32.212
676.475 648.294 122.76 32.194
677.327 650.017 122.561 32.177
678.179 651.74 122.361 32.159
679.03 653.465 122.161 32.14
679.882 655.192 121.961 32.122
680.734 656.92 121.761 32.103
681.586 658.65 121.561 32.084
682.438 660.382 121.36 32.065
683.289 662.114 121.16 32.046
684.141 663.849 120.959 32.027
684.993 665.585 120.758 32.007
685.845 667.322 120.557 31.987
686.697 669.062 120.356 31.967
687.548 670.802 120.154 31.947
688.4 672.544 119.952 31.927
689.252 674.288 119.751 31.906
690.104 676.034 119.549 31.885
690.956 677.78 119.347 31.864
691.807 679.529 119.144 31.843
692.659 681.279 118.942 31.822
693.511 683.03 118.739 31.8
694.363 684.783 118.536 31.778
695.215 686.538 118.333 31.756
696.066 688.294 118.13 31.734
696.918 690.052 117.927 31.712
697.77 691.811 117.724 31.689
698.622 693.572 117.52 31.667
699.474 695.334 117.316 31.644
700.325 697.098 117.112 31.62
701.177 698.864 116.908 31.597
702.029 700.631 116.704 31.574
702.881 702.399 116.499 31.55
703.732 704.169 116.295 31.526
704.584 705.941 116.09 31.502
705.436 707.714 115.885 31.478
706.288 709.489 115.68 31.453
707.14 711.265 115.475 31.428
707.991 713.043 115.269 31.403
708.843 714.822 115.064 31.378
709.695 716.603 114.858 31.353
710.547 718.386 114.652 31.328
711.399 720.17 114.446 31.302
712.25 721.956 114.24 31.276
713.102 723.743 114.033 31.25
713.954 725.531 113.827 31.224
714.806 727.322 113.62 31.197
715.658 729.113 113.413 31.17
716.509 730.907 113.206 31.144
717.361 732.702 112.999 31.117
718.213 734.498 112.791 31.089
719.065 736.296 112.584 31.062
719.917 738.096 112.376 31.034
720.768 739.897 112.168 31.006
721.62 741.699 111.96 30.978
722.472 743.504 111.752 30.95
723.324 745.309 111.544 30.922
724.176 747.117 111.335 30.893
725.027 748.926 111.126 30.864
725.879 750.736 110.917 30.835
726.731 752.548 110.708 30.806
727.583 754.361 110.499 30.777
728.435 756.176 110.29 30.747
729.286 757.993 110.08 30.717
730.138 759.811 109.87 30.687
730.99 761.631 109.661 30.657
731.842 763.452 109.451 30.627
732.694 765.275 109.24 30.596
733.545 767.099 109.03 30.565
734.397 768.925 108.819 30.534
735.249 770.752 108.609 30.503
736.101 772.581 108.398 30.472
736.953 774.412 108.187 30.44
737.804 776.244 107.976 30.408
738.656 778.078 107.764 30.377
739.508 779.913 107.553 30.344
740.36 781.75 107.341 30.312
741.212 783.588 107.129 30.28
742.063 785.428 106.917 30.247
742.915 787.269 106.705 30.214
743.767 789.112 106.493 30.181
744.619 790.957 106.28 30.147
745.471 792.803 106.068 30.114
746.322 794.65 105.855 30.08
747.174 796.499 105.642 30.046
748.026 798.35 105.429 30.012
748.878 800.202 105.215 29.978
749.73 802.056 105.002 29.943
750.581 803.911 104.788 29.909
751.433 805.768 104.574 29.874
752.285 807.627 104.36 29.839
753.137 809.487 104.146 29.803
753.989 811.348 103.932 29.768
754.84 813.211 103.717 29.732
755.692 815.076 103.503 29.696
756.544 816.942 103.288 29.66
757.396 818.81 103.073 29.624
758.247 820.679 102.858 29.588
759.099 822.55 102.642 29.551
759.951 824.422 102.427 29.514
760.803 826.296 102.211 29.477
761.655 828.172 101.995 29.44
762.506 830.049 101.779 29.403
763.358 831.927 101.563 29.365
764.21 833.807 101.347 29.327
765.062 835.689 101.131 29.289
765.914 837.572 100.914 29.251
766.765 839.457 100.697 29.212
767.617 841.343 100.48 29.174
768.469 843.231 100.263 29.135
769.321 845.12 100.046 29.096
770.173 847.011 99.828 29.057
771.024 848.904 99.611 29.017
771.876 850.798 99.393 28.978
772.728 852.694 99.175 28.938
773.58 854.591 98.957 28.898
774.432 856.49 98.739 28.858
775.283 858.39 98.52 28.818
776.135 860.292 98.302 28.777
776.987 862.195 98.083 28.736
777.839 864.1 97.864 28.695
778.691 866.006 97.645 28.654
779.542 867.914 97.425 28.613
780.394 869.824 97.206 28.571
781.246 871.735 96.986 28.53
782.098 873.648 96.767 28.488
782.95 875.562 96.547 28.446
783.801 877.478 96.327 28.403
784.653 879.395 96.106 28.361
785.505 881.314 95.886 28.318
786.357 883.234 95.665 28.275
787.209 885.156 95.445 28.232
788.06 887.08 95.224 28.189
788.912 889.005 95.003 28.145
789.764 890.931 94.781 28.101
790.616 892.859 94.56 28.058
791.468 894.789 94.339 28.013
792.319 896.72 94.117 27.969
793.171 898.653 93.895 27.925
794.023 900.588 93.673 27.88
794.875 902.523 93.451 27.835
795.727 904.461 93.228 27.79
796.578 906.4 93.006 27.745
797.43 908.34 92.783 27.699
798.282 910.283 92.56 27.654
799.134 912.226 92.337 27.608
799.986 914.171 92.114 27.562
800.837 916.118 91.89 27.516
801.689 918.066 91.667 27.469
802.541 920.016 91.443 27.423
803.393 921.968 91.219 27.376
804.245 923.921 90.995 27.329
805.096 925.875 90.771 27.282
805.948 927.831 90.547 27.234
806.8 929.789 90.322 27.187
807.652 931.748 90.097 27.139
808.504 933.709 89.873 27.091
809.355 935.671 89.648 27.043
810.207 937.635 89.422 26.994
811.059 939.6 89.197 26.946
811.911 941.567 88.971 26.897
812.763 943.535 88.746 26.848
813.614 945.505 88.52 26.799
814.466 947.477 88.294 26.749
815.318 949.45 88.068 26.7
816.17 951.425 87.841 26.65
817.021 953.401 87.615 26.6
817.873 955.378 87.388 26.55
818.725 957.358 87.161 26.499
819.577 959.339 86.934 26.449
820.429 961.321 86.707 26.398
821.28 963.305 86.48 26.347
822.132 965.29 86.252 26.296
822.984 967.277 86.025 26.245
823.836 969.266 85.797 26.193
824.688 971.256 85.569 26.142
825.539 973.248 85.341 26.09
826.391 975.241 85.112 26.038
827.243 977.236 84.884 25.985
828.095 979.232 84.655 25.933
828.947 981.23 84.426 25.88
829.798 983.229 84.197 25.827
830.65 985.23 83.968 25.774
831.502 987.233 83.739 25.721
832.354 989.237 83.509 25.667
833.206 991.243 83.28 25.614
834.057 993.25 83.05 25.56
834.909 995.259 82.82 25.506
835.761 997.269 82.59 25.451
836.613 999.281 82.36 25.397
837.465 1001.294 82.129 25.342
838.316 1003.309 81.899 25.287
839.168 1005.325 81.668 25.232
840.02 1007.343 81.437 25.177
840.872 1009.363 81.206 25.122
841.724 1011.384 80.974 25.066
842.575 1013.407 80.743 25.01
843.427 1015.431 80.511 24.954
844.279 1017.457 80.28 24.898
845.131 1019.484 80.048 24.842
845.983 1021.513 79.815 24.785
846.834 1023.543 79.583 24.728
847.686 1025.575 79.351 24.671
848.538 1027.609 79.118 24.614
849.39 1029.644 78.885 24.557
850.242 1031.681 78.652 24.499
851.093 1033.719 78.419 24.441
851.945 1035.758 78.186 24.383
852.797 1037.8 77.953 24.325
853.649 1039.843 77.719 24.267
854.501 1041.887 77.485 24.208
855.352 1043.933 77.251 24.149
856.204 1045.98 77.017 24.09
857.056 1048.029 76.783 24.031
857.908 1050.08 76.549 23.972
858.76 1052.132 76.314 23.912
859.611 1054.186 76.079 23.853
860.463 1056.241 75.844 23.793
861.315 1058.298 75.609 23.733
862.167 1060.356 75.374 23.672
863.019 1062.416 75.139 23.612
863.87 1064.477 74.903 23.551
864.722 1066.54 74.667 23.49
865.574 1068.605 74.431 23.429
866.426 1070.671 74.195 23.368
867.278 1072.738 73.959 23.306
868.129 1074.807 73.723 23.244
868.981 1076.878 73.486 23.183
869.833 1078.95 73.249 23.12
870.685 1081.024 73.013 23.058
871.536 1083.1 72.776 22.996
872.388 1085.177 72.538 22.933
873.24 1087.255 72.301 22.87
874.092 1089.335 72.063 22.807
874.944 1091.417 71.826 22.744
875.795 1093.5 71.588 22.68
876.647 1095.584 71.35 22.617
877.499 1097.67 71.112 22.553
878.351 1099.758 70.873 22.489
879.203 1101.848 70.635 22.425
880.054 1103.938 70.396 22.36
880.906 1106.031 70.157 22.295
881.758 1108.125 69.918 22.231
882.61 1110.22 69.679 22.166
883.462 1112.317 69.439 22.1
884.313 1114.416 69.2 22.035
885.165 1116.516 68.96 21.969
886.017 1118.618 68.72 21.904
886.869 1120.721 68.48 21.838
887.721 1122.826 68.24 21.771
888.572 1124.932 68.0 21.705
889.424 1127.04 67.759 21.638
890.276 1129.149 67.519 21.572
891.128 1131.26 67.278 21.505
891.98 1133.373 67.037 21.437
892.831 1135.487 66.796 21.37
893.683 1137.603 66.554 21.302
894.535 1139.72 66.313 21.235
895.387 1141.839 66.071 21.167
896.239 1143.959 65.829 21.099
897.09 1146.081 65.587 21.03
897.942 1148.204 65.345 20.962
898.794 1150.329 65.103 20.893
899.646 1152.456 64.86 20.824
900.498 1154.584 64.618 20.755
901.349 1156.713 64.376 20.686
902.201 1158.844 64.134 20.617
903.053 1160.977 63.892 20.548
903.905 1163.111 63.651 20.48
904.757 1165.247 63.41 20.411
905.608 1167.385 63.17 20.342
906.46 1169.524 62.93 20.274
907.312 1171.664 62.691 20.206
908.164 1173.806 62.452 20.138
909.016 1175.95 62.213 20.07
909.867 1178.095 61.974 20.002
910.719 1180.242 61.736 19.934
911.571 1182.391 61.499 19.866
912.423 1184.541 61.261 19.798
913.275 1186.692 61.025 19.731
914.126 1188.845 60.788 19.664
914.978 1191.0 60.552 19.596
915.83 1193.156 60.316 19.529
916.682 1195.314 60.081 19.462
917.534 1197.474 59.846 19.395
918.385 1199.634 59.611 19.328
919.237 1201.797 59.377 19.261
920.089 1203.961 59.143 19.195
920.941 1206.127 58.91 19.128
921.793 1208.294 58.677 19.061
922.644 1210.463 58.444 18.995
923.496 1212.633 58.212 18.929
924.348 1214.805 57.98 18.863
925.2 1216.979 57.748 18.797
926.052 1219.154 57.517 18.731
926.903 1221.33 57.286 18.665
927.755 1223.508 57.056 18.599
928.607 1225.688 56.826 18.534
929.459 1227.87 56.596 18.468
930.31 1230.052 56.367 18.403
931.162 1232.237 56.138 18.337
932.014 1234.423 55.91 18.272
932.866 1236.611 55.682 18.207
933.718 1238.8 55.454 18.142
934.569 1240.99 55.227 18.077
935.421 1243.183 55.0 18.012
936.273 1245.377 54.773 17.948
937.125 1247.572 54.547 17.883
937.977 1249.769 54.321 17.819
938.828 1251.968 54.096 17.754
939.68 1254.168 53.871 17.69
940.532 1256.369 53.646 17.626
941.384 1258.573 53.422 17.562
942.236 1260.778 53.198 17.498
943.087 1262.984 52.975 17.434
943.939 1265.192 52.751 17.37
944.791 1267.402 52.529 17.307
945.643 1269.613 52.306 17.243
946.495 1271.825 52.084 17.18
947.346 1274.04 51.863 17.116
948.198 1276.255 51.642 17.053
949.05 1278.473 51.421 16.99
949.902 1280.692 51.2 16.927
950.754 1282.912 50.98 16.864
951.605 1285.134 50.761 16.801
952.457 1287.358 50.541 16.739
953.309 1289.583 50.322 16.676
954.161 1291.81 50.104 16.614
955.013 1294.038 49.886 16.551
955.864 1296.268 49.668 16.489
956.716 1298.5 49.45 16.427
957.568 1300.733 49.233 16.365
958.42 1302.967 49.017 16.303
959.272 1305.204 48.801 16.241
960.123 1307.441 48.585 16.18
960.975 1309.681 48.369 16.118
961.827 1311.922 48.154 16.056
962.679 1314.164 47.939 15.995
963.531 1316.408 47.725 15.934
964.382 1318.654 47.511 15.873
965.234 1320.901 47.298 15.811
966.086 1323.15 47.084 15.75
966.938 1325.4 46.872 15.69
967.79 1327.652 46.659 15.629
968.641 1329.905 46.447 15.568
969.493 1332.16 46.235 15.508
970.345 1334.417 46.024 15.447
971.197 1336.675 45.813 15.387
972.049 1338.935 45.603 15.327
972.9 1341.196 45.393 15.266
973.752 1343.459 45.183 15.206
974.604 1345.723 44.974 15.146
975.456 1347.989 44.765 15.087
976.308 1350.257 44.556 15.027
977.159 1352.526 44.348 14.967
978.011 1354.797 44.14 14.908
978.863 1357.069 43.932 14.848
979.715 1359.343 43.725 14.789
980.567 1361.618 43.519 14.73
981.418 1363.895 43.312 14.671
982.27 1366.173 43.106 14.612
983.122 1368.454 42.901 14.553
983.974 1370.735 42.696 14.494
984.825 1373.018 42.491 14.436
985.677 1375.303 42.287 14.377
986.529 1377.59 42.083 14.319
987.381 1379.878 41.879 14.26
988.233 1382.167 41.676 14.202
989.084 1384.458 41.473 14.144
989.936 1386.751 41.27 14.086
990.788 1389.045 41.068 14.028
991.64 1391.341 40.866 13.97
992.492 1393.638 40.665 13.912
993.343 1395.937 40.464 13.855
994.195 1398.237 40.264 13.797
995.047 1400.539 40.063 13.74
995.899 1402.843 39.864 13.683
996.751 1405.148 39.664 13.625
997.602 1407.455 39.465 13.568
998.454 1409.763 39.266 13.511
999.306 1412.073 39.068 13.455
1000.158 1414.384 38.87 13.398
1001.01 1416.697 38.673 13.341
1001.861 1419.012 38.476 13.285
1002.713 1421.328 38.279 13.228
1003.565 1423.646 38.082 13.172
1004.417 1425.965 37.886 13.116
1005.269 1428.286 37.691 13.059
1006.12 1430.608 37.496 13.003
1006.972 1432.932 37.301 12.948
1007.824 1435.258 37.106 12.892
1008.676 1437.585 36.912 12.836
1009.528 1439.914 36.719 12.78
1010.379 1442.244 36.525 12.725
1011.231 1444.576 36.332 12.67
1012.083 1446.909 36.14 12.614
1012.935 1449.244 35.948 12.559
1013.787 1451.581 35.756 12.504
1014.638 1453.919 35.564 12.449
1015.49 1456.258 35.373 12.394
1016.342 1458.6 35.183 12.339
1017.194 1460.942 34.992 12.285
1018.046 1463.287 34.803 12.23
1018.897 1465.633 34.613 12.176
1019.749 1467.98 34.424 12.122
1020.601 1470.329 34.235 12.067
1021.453 1472.68 34.047 12.013
1022.305 1475.032 33.859 11.959
1023.156 1477.386 33.671 11.905
1024.008 1479.741 33.484 11.851
1024.86 1482.098 33.297 11.798
1025.712 1484.456 33.111 11.744
1026.564 1486.816 32.925 11.691
1027.415 1489.178 32.739 11.637
1028.267 1491.541 32.554 11.584
1029.119 1493.906 32.369 11.531
1029.971 1496.272 32.184 11.478
1030.823 1498.64 32.0 11.425
1031.674 1501.01 31.816 11.372
1032.526 1503.381 31.633 11.319
1033.378 1505.753 31.45 11.267
1034.23 1508.127 31.267 11.214
1035.082 1510.503 31.085 11.162
1035.933 1512.88 30.903 11.109
1036.785 1515.259 30.722 11.057
1037.637 1517.639 30.541 11.005
1038.489 1520.021 30.36 10.953
1039.34 1522.405 30.18 10.901
1040.192 1524.79 30.0 10.849
1041.044 1527.177 29.82 10.798
1041.896 1529.565 29.641 10.746
1042.748 1531.955 29.462 10.695
1043.599 1534.346 29.284 10.643
1044.451 1536.739 29.106 10.592
1045.303 1539.134 28.928 10.541
1046.155 1541.53 28.751 10.49
1047.007 1543.927 28.574 10.439
1047.858 1546.327 28.397 10.388
1048.71 1548.727 28.221 10.337
1049.562 1551.13 28.046 10.287
1050.414 1553.534 27.87 10.236
1051.266 1555.939 27.695 10.186
1052.117 1558.346 27.521 10.135
1052.969 1560.755 27.346 10.085
1053.821 1563.165 27.173 10.035
1054.673 1565.577 26.999 9.985
1055.525 1567.99 26.826 9.935
1056.376 1570.405 26.653 9.885
1057.228 1572.821 26.481 9.836
1058.08 1575.239 26.309 9.786
1058.932 1577.659 26.138 9.737
1059.784 1580.08 25.966 9.687
1060.635 1582.503 25.796 9.638
1061.487 1584.927 25.625 9.589
1062.339 1587.353 25.455 9.54
1063.191 1589.781 25.286 9.491
1064.043 1592.21 25.116 9.442
1064.894 1594.64 24.948 9.393
1065.746 1597.072 24.779 9.345
1066.598 1599.506 24.611 9.296
1067.45 1601.941 24.443 9.248
1068.302 1604.378 24.276 9.199
1069.153 1606.816 24.109 9.151
1070.005 1609.256 23.942 9.103
1070.857 1611.698 23.776 9.055
1071.709 1614.141 23.61 9.007
1072.561 1616.586 23.445 8.959
1073.412 1619.032 23.28 8.912
1074.264 1621.48 23.115 8.864
1075.116 1623.929 22.951 8.817
1075.968 1626.38 22.787 8.769
1076.82 1628.833 22.624 8.722
1077.671 1631.287 22.46 8.675
1078.523 1633.742 22.298 8.628
1079.375 1636.2 22.135 8.581
1080.227 1638.658 21.973 8.534
1081.079 1641.119 21.812 8.487
1081.93 1643.581 21.65 8.441
1082.782 1646.044 21.49 8.394
1083.634 1648.509 21.329 8.348
1084.486 1650.976 21.169 8.301
1085.338 1653.444 21.009 8.255
1086.189 1655.914 20.85 8.209
1087.041 1658.385 20.691 8.163
1087.893 1660.858 20.533 8.117
1088.745 1663.332 20.374 8.072
1089.597 1665.808 20.217 8.026
1090.448 1668.286 20.059 7.98
1091.3 1670.765 19.902 7.935
1092.152 1673.246 19.746 7.889
1093.004 1675.728 19.589 7.844
1093.856 1678.212 19.433 7.799
1094.707 1680.697 19.278 7.754
1095.559 1683.184 19.123 7.709
1096.411 1685.673 18.968 7.664
1097.263 1688.163 18.814 7.62
1098.114 1690.655 18.66 7.575
1098.966 1693.148 18.506 7.53
1099.818 1695.643 18.353 7.486
1100.67 1698.139 18.2 7.442
1101.522 1700.637 18.048 7.398
1102.373 1703.137 17.896 7.353
1103.225 1705.638 17.744 7.309
1104.077 1708.141 17.593 7.266
1104.929 1710.645 17.442 7.222
1105.781 1713.151 17.291 7.178
1106.632 1715.658 17.141 7.135
1107.484 1718.167 16.991 7.091
1108.336 1720.677 16.842 7.048
1109.188 1723.19 16.693 7.005
1110.04 1725.703 16.544 6.961
1110.891 1728.218 16.396 6.918
1111.743 1730.735 16.248 6.875
1112.595 1733.254 16.101 6.833
1113.447 1735.773 15.954 6.79
1114.299 1738.295 15.807 6.747
1115.15 1740.818 15.661 6.705
1116.002 1743.343 15.515 6.662
1116.854 1745.869 15.369 6.62
1117.706 1748.397 15.224 6.578
1118.558 1750.926 15.079 6.536
1119.409 1753.457 14.935 6.494
1120.261 1755.989 14.791 6.452
1121.113 1758.523 14.647 6.41
1121.965 1761.059 14.504 6.369
1122.817 1763.596 14.361 6.327
1123.668 1766.135 14.219 6.286
1124.52 1768.675 14.076 6.244
1125.372 1771.217 13.935 6.203
1126.224 1773.76 13.793 6.162
1127.076 1776.305 13.652 6.121
1127.927 1778.852 13.512 6.08
1128.779 1781.4 13.372 6.039
1129.631 1783.95 13.232 5.998
1130.483 1786.501 13.092 5.958
1131.335 1789.054 12.953 5.917
1132.186 1791.608 12.815 5.877
1133.038 1794.164 12.676 5.837
1133.89 1796.722 12.538 5.796
1134.742 1799.281 12.401 5.756
1135.594 1801.841 12.264 5.716
1136.445 1804.404 12.127 5.677
1137.297 1806.967 11.991 5.637
1138.149 1809.533 11.855 5.597
1139.001 1812.1 11.719 5.558
1139.853 1814.668 11.584 5.518
1140.704 1817.238 11.449 5.479
1141.556 1819.81 11.314 5.44
1142.408 1822.383 11.18 5.4
1143.26 1824.958 11.047 5.361
1144.112 1827.534 10.913 5.322
1144.963 1830.112 10.78 5.284
1145.815 1832.692 10.648 5.245
1146.667 1835.273 10.515 5.206
1147.519 1837.855 10.384 5.168
1148.371 1840.44 10.252 5.13
1149.222 1843.025 10.121 5.091
1150.074 1845.613 9.991 5.053
1150.926 1848.201 9.86 5.015
1151.778 1850.792 9.73 4.977
1152.629 1853.384 9.601 4.939
1153.481 1855.978 9.472 4.901
1154.333 1858.573 9.343 4.864
1155.185 1861.169 9.215 4.826
1156.037 1863.768 9.087 4.789
1156.888 1866.368 8.959 4.751
1157.74 1868.969 8.832 4.714
1158.592 1871.572 8.705 4.677
1159.444 1874.177 8.579 4.64
1160.296 1876.783 8.452 4.603
1161.147 1879.39 8.327 4.566
1161.999 1882.0 8.202 4.53
1162.851 1884.61 8.077 4.493
1163.703 1887.223 7.952 4.457
1164.555 1889.837 7.828 4.42
1165.406 1892.452 7.704 4.384
1166.258 1895.069 7.581 4.348
1167.11 1897.688 7.458 4.312
1167.962 1900.308 7.335 4.276
1168.814 1902.93 7.213 4.24
1169.665 1905.554 7.091 4.204
1170.517 1908.178 6.969 4.169
1171.369 1910.805 6.848 4.133
1172.221 1913.433 6.728 4.098
1173.073 1916.063 6.607 4.062
1173.924 1918.694 6.487 4.027
1174.776 1921.327 6.368 3.992
1175.628 1923.961 6.249 3.957
1176.48 1926.597 6.13 3.922
1177.332 1929.234 6.011 3.887
1178.183 1931.873 5.893 3.853
1179.035 1934.514 5.776 3.818
1179.887 1937.156 5.658 3.783
1180.739 1939.8 5.541 3.749
1181.591 1942.445 5.425 3.715
1182.442 1945.092 5.309 3.681
1183.294 1947.741 5.193 3.647
1184.146 1950.391 5.078 3.613
1184.998 1953.042 4.963 3.579
1185.85 1955.695 4.848 3.545
1186.701 1958.35 4.734 3.511
1187.553 1961.006 4.62 3.478
1188.405 1963.664 4.506 3.444
1189.257 1966.324 4.393 3.411
1190.109 1968.985 4.281 3.378
1190.96 1971.647 4.168 3.345
1191.812 1974.311 4.056 3.312
1192.664 1976.977 3.945 3.279
1193.516 1979.644 3.834 3.246
1194.368 1982.313 3.723 3.213
1195.219 1984.983 3.613 3.181
1196.071 1987.655 3.503 3.148
1196.923 1990.329 3.393 3.116
1197.775 1993.004 3.284 3.084
1198.627 1995.681 3.175 3.052
1199.478 1998.359 3.066 3.02
1200.33 2001.039 2.958 2.988
1201.182 2003.72 2.85 2.956
1202.034 2006.403 2.743 2.924
1202.886 2009.088 2.636 2.892
1203.737 2011.774 2.53 2.861
1204.589 2014.461 2.423 2.829
1205.441 2017.15 2.317 2.798
1206.293 2019.841 2.212 2.767
1207.144 2022.534 2.107 2.736
1207.996 2025.228 2.002 2.705
1208.848 2027.923 1.898 2.674
1209.7 2030.62 1.794 2.643
1210.552 2033.319 1.691 2.613
1211.403 2036.019 1.587 2.582
1212.255 2038.721 1.485 2.551
1213.107 2041.424 1.382 2.521
1213.959 2044.129 1.28 2.491
1214.811 2046.835 1.179 2.461
1215.662 2049.543 1.077 2.431
1216.514 2052.253 0.977 2.401
1217.366 2054.964 0.876 2.371
1218.218 2057.677 0.776 2.341
1219.07 2060.391 0.676 2.312
1219.921 2063.107 0.577 2.282
1220.773 2065.824 0.478 2.253
1221.625 2068.543 0.379 2.223
1222.477 2071.264 0.281 2.194
1223.329 2073.986 0.184 2.165
1224.18 2076.71 0.086 2.136
1225.032 2079.435 -0.011 2.107
1225.884 2082.162 -0.108 2.078
1226.736 2084.89 -0.204 2.05
1227.588 2087.62 -0.3 2.021
1228.439 2090.352 -0.395 1.993
1229.291 2093.085 -0.49 1.964
1230.143 2095.819 -0.585 1.936
1230.995 2098.556 -0.679 1.908
1231.847 2101.293 -0.773 1.88
1232.698 2104.033 -0.867 1.852
1233.55 2106.774 -0.96 1.824
1234.402 2109.516 -1.053 1.796
1235.254 2112.26 -1.146 1.769
1236.106 2115.006 -1.238 1.741
1236.957 2117.753 -1.329 1.714
1237.809 2120.502 -1.421 1.687
1238.661 2123.252 -1.511 1.659
1239.513 2126.004 -1.602 1.632
1240.365 2128.757 -1.692 1.605
1241.216 2131.513 -1.782 1.578
1242.068 2134.269 -1.871 1.552
1242.92 2137.027 -1.96 1.525
1243.772 2139.787 -2.049 1.498
1244.624 2142.548 -2.137 1.472
1245.475 2145.311 -2.225 1.446
1246.327 2148.076 -2.313 1.419
1247.179 2150.842 -2.4 1.393
1248.031 2153.609 -2.486 1.367
1248.883 2156.378 -2.573 1.341
1249.734 2159.149 -2.659 1.315
1250.586 2161.921 -2.744 1.29
1251.438 2164.695 -2.829 1.264
1252.29 2167.471 -2.914 1.239
1253.142 2170.248 -2.999 1.213
1253.993 2173.026 -3.083 1.188
1254.845 2175.806 -3.166 1.163
1255.697 2178.588 -3.25 1.138
1256.549 2181.371 -3.333 1.113
1257.401 2184.156 -3.415 1.088
1258.252 2186.943 -3.497 1.063
1259.104 2189.73 -3.579 1.038
1259.956 2192.52 -3.66 1.014
1260.808 2195.311 -3.741 0.989
1261.66 2198.104 -3.822 0.965
1262.511 2200.898 -3.902 0.941
1263.363 2203.694 -3.982 0.917
1264.215 2206.491 -4.061 0.893
1265.067 2209.29 -4.14 0.869
1265.918 2212.091 -4.219 0.845
1266.77 2214.893 -4.297 0.821
1267.622 2217.696 -4.375 0.798
1268.474 2220.501 -4.453 0.774
1269.326 2223.308 -4.53 0.751
1270.177 2226.117 -4.607 0.727
1271.029 2228.926 -4.683 0.704
1271.881 2231.738 -4.759 0.681
1272.733 2234.551 -4.835 0.658
1273.585 2237.366 -4.91 0.635
1274.436 2240.182 -4.985 0.613
1275.288 2242.999 -5.06 0.59
1276.14 2245.819 -5.134 0.567
1276.992 2248.64 -5.207 0.545
1277.844 2251.462 -5.281 0.523
1278.695 2254.286 -5.354 0.5
1279.547 2257.112 -5.426 0.478
1280.399 2259.939 -5.498 0.456
1281.251 2262.768 -5.57 0.434
1282.103 2265.598 -5.642 0.412
1282.954 2268.43 -5.713 0.391
1283.806 2271.263 -5.783 0.369
1284.658 2274.098 -5.854 0.348
1285.51 2276.935 -5.924 0.326
1286.362 2279.773 -5.993 0.305
1287.213 2282.612 -6.062 0.284
1288.065 2285.454 -6.131 0.263
1288.917 2288.296 -6.199 0.242
1289.769 2291.141 -6.267 0.221
1290.621 2293.987 -6.335 0.2
1291.472 2296.834 -6.402 0.18
1292.324 2299.683 -6.469 0.159
1293.176 2302.534 -6.536 0.139
1294.028 2305.386 -6.602 0.118
1294.88 2308.24 -6.667 0.098
1295.731 2311.095 -6.733 0.078
1296.583 2313.952 -6.798 0.058
1297.435 2316.811 -6.862 0.038
1298.287 2319.671 -6.926 0.018
1299.139 2322.533 -6.99 -0.002
1299.99 2325.396 -7.054 -0.021
1300.842 2328.261 -7.117 -0.041
1301.694 2331.127 -7.179 -0.06
1302.546 2333.995 -7.241 -0.079
1303.398 2336.864 -7.303 -0.098
1304.249 2339.735 -7.365 -0.117
1305.101 2342.608 -7.426 -0.136
1305.953 2345.482 -7.487 -0.155
1306.805 2348.358 -7.547 -0.174
1307.657 2351.235 -7.607 -0.193
1308.508 2354.114 -7.667 -0.211
1309.36 2356.994 -7.726 -0.23
1310.212 2359.876 -7.785 -0.248
1311.064 2362.76 -7.843 -0.266
1311.916 2365.645 -7.901 -0.284
1312.767 2368.532 -7.959 -0.302
1313.619 2371.42 -8.016 -0.32
1314.471 2374.31 -8.073 -0.338
1315.323 2377.201 -8.13 -0.356
1316.175 2380.094 -8.186 -0.373
1317.026 2382.989 -8.241 -0.391
1317.878 2385.885 -8.297 -0.408
1318.73 2388.783 -8.352 -0.425
1319.582 2391.682 -8.406 -0.443
1320.433 2394.583 -8.461 -0.46
1321.285 2397.485 -8.515 -0.477
1322.137 2400.389 -8.568 -0.493
1322.989 2403.295 -8.621 -0.51
1323.841 2406.202 -8.674 -0.527
1324.692 2409.11 -8.726 -0.543
1325.544 2412.021 -8.778 -0.56
1326.396 2414.932 -8.83 -0.576
1327.248 2417.846 -8.881 -0.592
1328.1 2420.761 -8.932 -0.608
1328.951 2423.677 -8.982 -0.624
1329.803 2426.595 -9.032 -0.64
1330.655 2429.515 -9.082 -0.656
1331.507 2432.436 -9.131 -0.672
1332.359 2435.359 -9.18 -0.687
1333.21 2438.283 -9.228 -0.703
1334.062 2441.209 -9.277 -0.718
1334.914 2444.137 -9.324 -0.733
1335.766 2447.066 -9.372 -0.749
1336.618 2449.996 -9.419 -0.764
1337.469 2452.928 -9.465 -0.779
1338.321 2455.862 -9.511 -0.793
1339.173 2458.797 -9.557 -0.808
1340.025 2461.734 -9.603 -0.823
1340.877 2464.673 -9.648 -0.837
1341.728 2467.613 -9.693 -0.852
1342.58 2470.554 -9.737 -0.866
1343.432 2473.497 -9.781 -0.88
1344.284 2476.442 -9.824 -0.894
1345.136 2479.388 -9.867 -0.908
1345.987 2482.336 -9.91 -0.922
1346.839 2485.286 -9.953 -0.936
1347.691 2488.237 -9.995 -0.95
1348.543 2491.189 -10.036 -0.963
1349.395 2494.143 -10.078 -0.977
1350.246 2497.099 -10.118 -0.99
1351.098 2500.056 -10.159 -1.003
1351.95 2503.015 -10.199 -1.017
1352.802 2505.975 -10.239 -1.03
1353.654 2508.937 -10.278 -1.043
1354.505 2511.901 -10.317 -1.055
1355.357 2514.866 -10.356 -1.068
1356.209 2517.833 -10.394 -1.081
1357.061 2520.801 -10.432 -1.093
1357.913 2523.771 -10.469 -1.106
1358.764 2526.742 -10.506 -1.118
1359.616 2529.715 -10.543 -1.13
1360.468 2532.689 -10.579 -1.142
1361.32 2535.665 -10.615 -1.154
1362.172 2538.643 -10.65 -1.166
1363.023 2541.622 -10.686 -1.178
1363.875 2544.603 -10.72 -1.19
1364.727 2547.585 -10.755 -1.201
1365.579 2550.569 -10.789 -1.213
1366.431 2553.555 -10.822 -1.224
1367.282 2556.542 -10.855 -1.235
1368.134 2559.53 -10.888 -1.246
1368.986 2562.52 -10.921 -1.257
1369.838 2565.512 -10.953 -1.268
1370.69 2568.506 -10.985 -1.279
1371.541 2571.5 -11.016 -1.29
1372.393 2574.497 -11.047 -1.3
1373.245 2577.495 -11.077 -1.311
1374.097 2580.494 -11.107 -1.321
1374.948 2583.496 -11.137 -1.332
1375.8 2586.498 -11.167 -1.342
1376.652 2589.503 -11.196 -1.352
1377.504 2592.508 -11.224 -1.362
1378.356 2595.516 -11.253 -1.372
1379.207 2598.525 -11.28 -1.382
1380.059 2601.535 -11.308 -1.391
1380.911 2604.547 -11.335 -1.401
1381.763 2607.561 -11.362 -1.41
1382.615 2610.576 -11.388 -1.42
1383.466 2613.593 -11.414 -1.429
1384.318 2616.612 -11.44 -1.438
1385.17 2619.631 -11.465 -1.447
1386.022 2622.653 -11.49 -1.456
1386.874 2625.676 -11.514 -1.465
1387.725 2628.701 -11.538 -1.474
1388.577 2631.727 -11.562 -1.482
1389.429 2634.755 -11.585 -1.491
1390.281 2637.784 -11.608 -1.499
1391.133 2640.815 -11.631 -1.507
1391.984 2643.847 -11.653 -1.516
1392.836 2646.882 -11.675 -1.524
1393.688 2649.917 -11.696 -1.532
1394.54 2652.954 -11.717 -1.539
1395.392 2655.993 -11.737 -1.547
1396.243 2659.033 -11.758 -1.555
1397.095 2662.075 -11.778 -1.562
1397.947 2665.119 -11.797 -1.57
1398.799 2668.164 -11.816 -1.577
1399.651 2671.21 -11.835 -1.584
1400.502 2674.259 -11.853 -1.592
1401.354 2677.308 -11.871 -1.599
1402.206 2680.36 -11.889 -1.606
1403.058 2683.412 -11.906 -1.612
1403.91 2686.467 -11.923 -1.619
1404.761 2689.523 -11.939 -1.626
1405.613 2692.58 -11.955 -1.632
1406.465 2695.64 -11.971 -1.639
1407.317 2698.7 -11.986 -1.645
1408.169 2701.763 -12.001 -1.651
1409.02 2704.826 -12.015 -1.657
1409.872 2707.892 -12.029 -1.663
1410.724 2710.959 -12.043 -1.669
1411.576 2714.027 -12.057 -1.675
1412.428 2717.097 -12.07 -1.68
1413.279 2720.169 -12.082 -1.686
1414.131 2723.242 -12.094 -1.691
1414.983 2726.317 -12.106 -1.697
1415.835 2729.394 -12.118 -1.702
1416.687 2732.472 -12.129 -1.707
1417.538 2735.551 -12.139 -1.712
1418.39 2738.632 -12.15 -1.717
1419.242 2741.715 -12.16 -1.722
1420.094 2744.799 -12.169 -1.727
1420.946 2747.885 -12.178 -1.731
1421.797 2750.972 -12.187 -1.736
1422.649 2754.061 -12.195 -1.74
1423.501 2757.152 -12.203 -1.744
1424.353 2760.244 -12.211 -1.748
1425.205 2763.337 -12.218 -1.753
1426.056 2766.432 -12.225 -1.757
1426.908 2769.529 -12.232 -1.76
1427.76 2772.627 -12.238 -1.764
1428.612 2775.727 -12.243 -1.768
1429.464 2778.829 -12.249 -1.771
1430.315 2781.932 -12.254 -1.775
1431.167 2785.036 -12.258 -1.778
1432.019 2788.143 -12.262 -1.781
1432.871 2791.25 -12.266 -1.784
1433.722 2794.36 -12.27 -1.787
1434.574 2797.47 -12.273 -1.79
1435.426 2800.583 -12.275 -1.793
1436.278 2803.697 -12.278 -1.796
1437.13 2806.812 -12.28 -1.798
1437.981 2809.93 -12.281 -1.801
1438.833 2813.048 -12.282 -1.803
1439.685 2816.169 -12.283 -1.806
1440.537 2819.29 -12.283 -1.808
1441.389 2822.414 -12.283 -1.81
1442.24 2825.539 -12.283 -1.812
1443.092 2828.665 -12.282 -1.814
1443.944 2831.793 -12.281 -1.815
1444.796 2834.923 -12.279 -1.817
1445.648 2838.054 -12.278 -1.819
1446.499 2841.187 -12.275 -1.82
1447.351 2844.322 -12.272 -1.821
1448.203 2847.457 -12.269 -1.823
1449.055 2850.595 -12.266 -1.824
1449.907 2853.734 -12.262 -1.825
1450.758 2856.875 -12.258 -1.826
1451.61 2860.017 -12.253 -1.826
1452.462 2863.161 -12.248 -1.827
1453.314 2866.306 -12.243 -1.828
1454.166 2869.453 -12.237 -1.828
1455.017 2872.601 -12.231 -1.829
1455.869 2875.751 -12.225 -1.829
1456.721 2878.903 -12.218 -1.829
1457.573 2882.056 -12.21 -1.829
1458.425 2885.211 -12.203 -1.829
1459.276 2888.367 -12.195 -1.829
1460.128 2891.525 -12.186 -1.829
1460.98 2894.685 -12.177 -1.828
1461.832 2897.846 -12.168 -1.828
1462.684 2901.008 -12.159 -1.827
1463.535 2904.172 -12.149 -1.826
1464.387 2907.338 -12.138 -1.826
1465.239 2910.506 -12.128 -1.825
1466.091 2913.674 -12.117 -1.824
1466.943 2916.845 -12.105 -1.823
1467.794 2920.017 -12.093 -1.821
1468.646 2923.19 -12.081 -1.82
1469.498 2926.365 -12.068 -1.819
1470.35 2929.542 -12.055 -1.817
1471.202 2932.72 -12.042 -1.816
1472.053 2935.9 -12.028 -1.814
1472.905 2939.082 -12.014 -1.812
1473.757 2942.265 -12.0 -1.81
1474.609 2945.449 -11.985 -1.808
1475.461 2948.635 -11.969 -1.806
1476.312 2951.823 -11.954 -1.804
1477.164 2955.012 -11.938 -1.801
1478.016 2958.203 -11.921 -1.799
1478.868 2961.395 -11.904 -1.796
1479.72 2964.589 -11.887 -1.793
1480.571 2967.785 -11.869 -1.791
1481.423 2970.982 -11.852 -1.788
1482.275 2974.181 -11.833 -1.785
1483.127 2977.381 -11.814 -1.782
1483.979 2980.583 -11.795 -1.778
1484.83 2983.786 -11.776 -1.775
1485.682 2986.991 -11.756 -1.772
1486.534 2990.197 -11.736 -1.768
1487.386 2993.405 -11.715 -1.765
1488.237 2996.615 -11.694 -1.761
1489.089 2999.826 -11.673 -1.757
1489.941 3003.039 -11.651 -1.753
1490.793 3006.253 -11.629 -1.749
1491.645 3009.469 -11.606 -1.745
1492.496 3012.687 -11.583 -1.741
1493.348 3015.906 -11.56 -1.736
1494.2 3019.126 -11.536 -1.732
1495.052 3022.348 -11.512 -1.727
1495.904 3025.572 -11.487 -1.722
1496.755 3028.797 -11.463 -1.718
1497.607 3032.024 -11.437 -1.713
1498.459 3035.253 -11.412 -1.708
1499.311 3038.483 -11.386 -1.703
1500.163 3041.714 -11.359 -1.697
1501.014 3044.947 -11.333 -1.692
1501.866 3048.182 -11.305 -1.687
1502.718 3051.418 -11.278 -1.681
1503.57 3054.656 -11.25 -1.675
1504.422 3057.895 -11.222 -1.67
1505.273 3061.136 -11.193 -1.664
1506.125 3064.379 -11.164 -1.658
1506.977 3067.623 -11.135 -1.652
1507.829 3070.869 -11.105 -1.646
1508.681 3074.116 -11.075 -1.639
1509.532 3077.365 -11.044 -1.633
1510.384 3080.615 -11.013 -1.626
1511.236 3083.867 -10.982 -1.62
1512.088 3087.121 -10.95 -1.613
1512.94 3090.376 -10.918 -1.606
1513.791 3093.632 -10.885 -1.599
1514.643 3096.891 -10.852 -1.592
1515.495 3100.15 -10.819 -1.585
1516.347 3103.412 -10.786 -1.578
1517.199 3106.675 -10.751 -1.571
1518.05 3109.939 -10.717 -1.563
1518.902 3113.205 -10.682 -1.556
1519.754 3116.473 -10.647 -1.548
1520.606 3119.742 -10.612 -1.54
1521.458 3123.013 -10.576 -1.532
1522.309 3126.285 -10.539 -1.525
1523.161 3129.559 -10.503 -1.516
1524.013 3132.834 -10.466 -1.508
1524.865 3136.111 -10.428 -1.5
1525.717 3139.39 -10.39 -1.492
1526.568 3142.67 -10.352 -1.483
1527.42 3145.952 -10.313 -1.475
1528.272 3149.235 -10.274 -1.466
1529.124 3152.52 -10.235 -1.457
1529.976 3155.806 -10.195 -1.448
1530.827 3159.094 -10.155 -1.439
1531.679 3162.384 -10.115 -1.43
1532.531 3165.675 -10.074 -1.421
1533.383 3168.968 -10.032 -1.411
1534.235 3172.262 -9.991 -1.402
1535.086 3175.558 -9.949 -1.392
1535.938 3178.855 -9.906 -1.383
1536.79 3182.154 -9.864 -1.373
1537.642 3185.455 -9.82 -1.363
1538.494 3188.757 -9.777 -1.353
1539.345 3192.06 -9.733 -1.343
1540.197 3195.366 -9.688 -1.333
1541.049 3198.673 -9.644 -1.323
1541.901 3201.981 -9.599 -1.312
1542.753 3205.291 -9.553 -1.302
1543.604 3208.602 -9.507 -1.291
1544.456 3211.915 -9.461 -1.28
1545.308 3215.23 -9.414 -1.27
1546.16 3218.546 -9.367 -1.259
1547.011 3221.864 -9.32 -1.248
1547.863 3225.183 -9.272 -1.236
1548.715 3228.504 -9.224 -1.225
1549.567 3231.827 -9.175 -1.214
1550.419 3235.151 -9.127 -1.202
1551.27 3238.48 -9.078 -1.191
1552.122 3241.813 -9.029 -1.18
1552.974 3245.152 -8.98 -1.168
1553.826 3248.495 -8.932 -1.157
1554.678 3251.842 -8.883 -1.145
1555.529 3255.195 -8.835 -1.134
1556.381 3258.552 -8.786 -1.123
1557.233 3261.914 -8.738 -1.111
1558.085 3265.281 -8.69 -1.1
1558.937 3268.652 -8.642 -1.089
1559.788 3272.029 -8.594 -1.078
1560.64 3275.41 -8.546 -1.066
1561.492 3278.795 -8.498 -1.055
1562.344 3282.186 -8.45 -1.044
1563.196 3285.581 -8.403 -1.033
1564.047 3288.981 -8.355 -1.022
1564.899 3292.386 -8.307 -1.01
1565.751 3295.795 -8.26 -0.999
1566.603 3299.209 -8.213 -0.988
1567.455 3302.628 -8.165 -0.977
1568.306 3306.052 -8.118 -0.966
1569.158 3309.48 -8.071 -0.955
1570.01 3312.913 -8.024 -0.944
1570.862 3316.351 -7.977 -0.933
1571.714 3319.794 -7.93 -0.922
1572.565 3323.241 -7.883 -0.911
1573.417 3326.694 -7.837 -0.9
1574.269 3330.15 -7.79 -0.889
1575.121 3333.612 -7.744 -0.878
1575.973 3337.079 -7.697 -0.867
1576.824 3340.55 -7.651 -0.856
1577.676 3344.026 -7.604 -0.845
1578.528 3347.506 -7.558 -0.834
1579.38 3350.992 -7.512 -0.824
1580.232 3354.482 -7.466 -0.813
1581.083 3357.977 -7.42 -0.802
1581.935 3361.476 -7.374 -0.791
1582.787 3364.981 -7.328 -0.78
1583.639 3368.49 -7.283 -0.77
1584.491 3372.004 -7.237 -0.759
1585.342 3375.522 -7.191 -0.748
1586.194 3379.045 -7.146 -0.738
1587.046 3382.574 -7.101 -0.727
1587.898 3386.106 -7.055 -0.716
1588.75 3389.644 -7.01 -0.705
1589.601 3393.186 -6.965 -0.695
1590.453 3396.733 -6.92 -0.684
1591.305 3400.285 -6.875 -0.674
1592.157 3403.842 -6.83 -0.663
1593.009 3407.403 -6.785 -0.652
1593.86 3410.969 -6.74 -0.642
1594.712 3414.54 -6.696 -0.631
1595.564 3418.116 -6.651 -0.621
1596.416 3421.696 -6.607 -0.61
1597.268 3425.281 -6.562 -0.6
1598.119 3428.871 -6.518 -0.589
1598.971 3432.465 -6.474 -0.579
1599.823 3436.064 -6.43 -0.569
1600.675 3439.668 -6.386 -0.558
1601.526 3443.277 -6.342 -0.548
1602.378 3446.891 -6.298 -0.537
1603.23 3450.509 -6.254 -0.527
1604.082 3454.132 -6.21 -0.517
1604.934 3457.76 -6.167 -0.506
1605.785 3461.392 -6.123 -0.496
1606.637 3465.03 -6.079 -0.486
1607.489 3468.672 -6.036 -0.476
1608.341 3472.318 -5.993 -0.465
1609.193 3475.97 -5.949 -0.455
1610.044 3479.626 -5.906 -0.445
1610.896 3483.287 -5.863 -0.435
1611.748 3486.953 -5.82 -0.425
1612.6 3490.623 -5.777 -0.414
1613.452 3494.298 -5.734 -0.404
1614.303 3497.978 -5.692 -0.394
1615.155 3501.663 -5.649 -0.384
1616.007 3505.353 -5.606 -0.374
1616.859 3509.047 -5.564 -0.364
1617.711 3512.746 -5.522 -0.354
1618.562 3516.449 -5.479 -0.344
1619.414 3520.158 -5.437 -0.334
1620.266 3523.871 -5.395 -0.324
1621.118 3527.589 -5.353 -0.314
1621.97 3531.312 -5.311 -0.304
1622.821 3535.039 -5.269 -0.294
1623.673 3538.771 -5.227 -0.284
1624.525 3542.508 -5.185 -0.274
1625.377 3546.25 -5.143 -0.264
1626.229 3549.996 -5.102 -0.254
1627.08 3553.747 -5.06 -0.244
1627.932 3557.503 -5.019 -0.235
1628.784 3561.264 -4.978 -0.225
1629.636 3565.029 -4.936 -0.215
1630.488 3568.799 -4.895 -0.205
1631.339 3572.574 -4.854 -0.195
1632.191 3576.354 -4.813 -0.186
1633.043 3580.138 -4.772 -0.176
1633.895 3583.927 -4.731 -0.166
1634.747 3587.721 -4.69 -0.157
1635.598 3591.52 -4.65 -0.147
1636.45 3595.323 -4.609 -0.137
1637.302 3599.131 -4.569 -0.128
1638.154 3602.944 -4.528 -0.118
1639.006 3606.762 -4.488 -0.108
1639.857 3610.584 -4.448 -0.099
1640.709 3614.411 -4.407 -0.089
1641.561 3618.243 -4.367 -0.08
1642.413 3622.08 -4.327 -0.07
1643.265 3625.921 -4.287 -0.061
1644.116 3629.767 -4.247 -0.051
1644.968 3633.618 -4.208 -0.042
1645.82 3637.473 -4.168 -0.032
1646.672 3641.334 -4.128 -0.023
1647.524 3645.199 -4.089 -0.013
1648.375 3649.069 -4.049 -0.004
1649.227 3652.943 -4.01 0.006
1650.079 3656.822 -3.971 0.015
1650.931 3660.706 -3.931 0.024
1651.783 3664.595 -3.892 0.034
1652.634 3668.489 -3.853 0.043
1653.486 3672.387 -3.814 0.052
1654.338 3676.29 -3.775 0.062
1655.19 3680.198 -3.737 0.071
1656.041 3684.11 -3.698 0.08
1656.893 3688.028 -3.659 0.089
1657.745 3691.95 -3.621 0.099
1658.597 3695.876 -3.582 0.108
1659.449 3699.808 -3.544 0.117
1660.3 3703.744 -3.506 0.126
1661.152 3707.685 -3.467 0.135
1662.004 3711.631 -3.429 0.144
1662.856 3715.581 -3.391 0.153
1663.708 3719.536 -3.353 0.163
1664.559 3723.496 -3.315 0.172
1665.411 3727.461 -3.277 0.181
1666.263 3731.431 -3.24 0.19
1667.115 3735.405 -3.202 0.199
1667.967 3739.384 -3.164 0.208
1668.818 3743.367 -3.127 0.217
1669.67 3747.356 -3.09 0.226
1670.522 3751.349 -3.052 0.235
1671.374 3755.347 -3.015 0.244
1672.226 3759.35 -2.978 0.252
1673.077 3763.357 -2.941 0.261
1673.929 3767.369 -2.904 0.27
1674.781 3771.386 -2.867 0.279
1675.633 3775.408 -2.83 0.288
1676.485 3779.434 -2.793 0.297
1677.336 3783.466 -2.757 0.306
1678.188 3787.501 -2.72 0.314
1679.04 3791.542 -2.684 0.323
1679.892 3795.588 -2.647 0.332
1680.744 3799.638 -2.611 0.341
1681.595 3803.693 -2.575 0.349
1682.447 3807.752 -2.539 0.358
1683.299 3811.817 -2.502 0.367
1684.151 3815.886 -2.466 0.375
1685.003 3819.96 -2.431 0.384
1685.854 3824.038 -2.395 0.393
1686.706 3828.122 -2.359 0.401
1687.558 3832.21 -2.323 0.41
1688.41 3836.303 -2.288 0.418
1689.262 3840.4 -2.252 0.427
1690.113 3844.502 -2.217 0.436
1690.965 3848.61 -2.181 0.444
1691.817 3852.721 -2.146 0.453
1692.669 3856.838 -2.111 0.461
1693.521 3860.959 -2.076 0.47
1694.372 3865.085 -2.041 0.478
1695.224 3869.216 -2.006 0.486
1696.076 3873.352 -1.971 0.495
1696.928 3877.492 -1.936 0.503
1697.78 3881.637 -1.902 0.512
1698.631 3885.787 -1.867 0.52
1699.483 3889.942 -1.833 0.528
1700.335 3894.101 -1.798 0.537
1701.187 3898.265 -1.764 0.545
1702.039 3902.434 -1.73 0.553
1702.89 3906.607 -1.695 0.562
1703.742 3910.786 -1.661 0.57
1704.594 3914.969 -1.627 0.578
1705.446 3919.156 -1.593 0.586
1706.298 3923.349 -1.559 0.595
1707.149 3927.546 -1.526 0.603
1708.001 3931.748 -1.492 0.611
1708.853 3935.955 -1.458 0.619
1709.705 3940.166 -1.425 0.627
1710.557 3944.383 -1.391 0.635
1711.408 3948.604 -1.358 0.643
1712.26 3952.829 -1.325 0.651
1713.112 3957.06 -1.292 0.66
1713.964 3961.295 -1.259 0.668
1714.815 3965.535 -1.225 0.676
1715.667 3969.78 -1.193 0.684
1716.519 3974.029 -1.16 0.692
1717.371 3978.284 -1.127 0.7
1718.223 3982.543 -1.094 0.708
1719.074 3986.806 -1.062 0.716
1719.926 3991.075 -1.029 0.723
1720.778 3995.348 -0.997 0.731
1721.63 3999.626 -0.964 0.739
1722.482 4003.909 -0.932 0.747
1723.333 4008.196 -0.9 0.755
1724.185 4012.488 -0.868 0.763
1725.037 4016.785 -0.836 0.771
1725.889 4021.087 -0.804 0.778
1726.741 4025.393 -0.772 0.786
1727.592 4029.704 -0.74 0.794
1728.444 4034.02 -0.708 0.802
1729.296 4038.341 -0.677 0.809
1730.148 4042.666 -0.645 0.817
1731.0 4046.997 -0.614 0.825
1731.851 4051.331 -0.582 0.832
1732.703 4055.671 -0.551 0.84
1733.555 4060.015 -0.52 0.848
1734.407 4064.365 -0.488 0.855
1735.259 4068.718 -0.457 0.863
1736.11 4073.077 -0.426 0.871
1736.962 4077.44 -0.396 0.878
1737.814 4081.809 -0.365 0.886
1738.666 4086.181 -0.334 0.893
1739.518 4090.559 -0.303 0.901
1740.369 4094.941 -0.273 0.908
1741.221 4099.329 -0.242 0.916
1742.073 4103.72 -0.212 0.923
1742.925 4108.117 -0.182 0.931
1743.777 4112.518 -0.151 0.938
1744.628 4116.924 -0.121 0.945
1745.48 4121.335 -0.091 0.953
1746.332 4125.751 -0.061 0.96
1747.184 4130.171 -0.031 0.968
1748.036 4134.596 -0.002 0.975
1748.887 4139.026 0.028 0.982
1749.739 4143.461 0.058 0.99
1750.591 4147.9 0.087 0.997
1751.443 4152.344 0.117 1.004
1752.295 4156.793 0.146 1.011
1753.146 4161.246 0.176 1.019
1753.998 4165.705 0.205 1.026
1754.85 4170.168 0.234 1.033
1755.702 4174.635 0.263 1.04
1756.554 4179.108 0.292 1.047
1757.405 4183.585 0.321 1.054
1758.257 4188.067 0.35 1.062
1759.109 4192.554 0.379 1.069
1759.961 4197.046 0.407 1.076
1760.813 4201.542 0.436 1.083
1761.664 4206.043 0.464 1.09
1762.516 4210.549 0.493 1.097
1763.368 4215.059 0.521 1.104
1764.22 4219.574 0.549 1.111
1765.072 4224.094 0.578 1.118
1765.923 4228.619 0.606 1.125
1766.775 4233.149 0.634 1.132
1767.627 4237.683 0.662 1.139
1768.479 4242.222 0.689 1.146
1769.33 4246.766 0.717 1.153
1770.182 4251.314 0.745 1.159
1771.034 4255.867 0.772 1.166
1771.886 4260.425 0.8 1.173
1772.738 4264.988 0.827 1.18
1773.589 4269.555 0.855 1.187
1774.441 4274.128 0.882 1.194
1775.293 4278.704 0.909 1.2
1776.145 4283.286 0.936 1.207
1776.997 4287.873 0.963 1.214
1777.848 4292.464 0.99 1.221
1778.7 4297.06 1.017 1.227
1779.552 4301.66 1.044 1.234
1780.404 4306.266 1.071 1.241
1781.256 4310.876 1.097 1.247
1782.107 4315.491 1.124 1.254
1782.959 4320.111 1.15 1.26
1783.811 4324.735 1.176 1.267
1784.663 4329.364 1.203 1.274
1785.515 4333.998 1.229 1.28
1786.366 4338.637 1.255 1.287
1787.218 4343.28 1.281 1.293
1788.07 4347.928 1.307 1.3
1788.922 4352.581 1.333 1.306
1789.774 4357.239 1.359 1.313
1790.625 4361.901 1.384 1.319
1791.477 4366.568 1.41 1.326
1792.329 4371.24 1.436 1.332
1793.181 4375.917 1.461 1.338
1794.033 4380.598 1.486 1.345
1794.884 4385.284 1.512 1.351
1795.736 4389.975 1.537 1.357
1796.588 4394.671 1.562 1.364
1797.44 4399.371 1.587 1.37
1798.292 4404.076 1.612 1.376
1799.143 4408.786 1.637 1.383
1799.995 4413.5 1.662 1.389
1800.847 4418.22 1.686 1.395
1801.699 4422.944 1.711 1.401
1802.551 4427.673 1.736 1.408
1803.402 4432.406 1.76 1.414
1804.254 4437.144 1.784 1.42
1805.106 4441.887 1.809 1.426
1805.958 4446.635 1.833 1.432
1806.81 4451.388 1.857 1.438
1807.661 4456.145 1.881 1.444
1808.513 4460.907 1.905 1.45
1809.365 4465.674 1.929 1.457
1810.217 4470.445 1.953 1.463
1811.069 4475.222 1.976 1.469
1811.92 4480.003 2.0 1.475
1812.772 4484.788 2.024 1.481
1813.624 4489.579 2.047 1.487
1814.476 4494.374 2.071 1.493
1815.328 4499.174 2.094 1.498
1816.179 4503.979 2.117 1.504
1817.031 4508.788 2.14 1.51
1817.883 4513.603 2.163 1.516
1818.735 4518.422 2.186 1.522
1819.587 4523.245 2.209 1.528
1820.438 4528.074 2.232 1.534
1821.29 4532.907 2.255 1.54
1822.142 4537.745 2.277 1.545
1822.994 4542.588 2.3 1.551
1823.845 4547.435 2.322 1.557
1824.697 4552.288 2.345 1.563
1825.549 4557.144 2.367 1.568
1826.401 4562.006 2.389 1.574
1827.253 4566.873 2.412 1.58
1828.104 4571.744 2.434 1.585
1828.956 4576.62 2.456 1.591
1829.808 4581.5 2.478 1.597
1830.66 4586.386 2.499 1.602
1831.512 4591.276 2.521 1.608
1832.363 4596.171 2.543 1.613
1833.215 4601.071 2.564 1.619
1834.067 4605.975 2.586 1.625
1834.919 4610.884 2.607 1.63
1835.771 4615.798 2.629 1.636
1836.622 4620.717 2.65 1.641
1837.474 4625.64 2.671 1.647
1838.326 4630.568 2.692 1.652
1839.178 4635.501 2.713 1.657
1840.03 4640.439 2.734 1.663
1840.881 4645.381 2.755 1.668
1841.733 4650.328 2.776 1.674
1842.585 4655.28 2.796 1.679
1843.437 4660.237 2.817 1.684
1844.289 4665.198 2.837 1.69
1845.14 4670.164 2.858 1.695
1845.992 4675.135 2.878 1.7
1846.844 4680.111 2.898 1.706
1847.696 4685.091 2.919 1.711
1848.548 4690.076 2.939 1.716
1849.399 4695.066 2.959 1.721
1850.251 4700.061 2.979 1.727
1851.103 4705.06 2.999 1.732
1851.955 4710.064 3.018 1.737
1852.807 4715.073 3.038 1.742
1853.658 4720.086 3.058 1.747
1854.51 4725.105 3.077 1.752
1855.362 4730.128 3.097 1.757
1856.214 4735.156 3.116 1.763
1857.066 4740.188 3.135 1.768
1857.917 4745.225 3.154 1.773
1858.769 4750.267 3.173 1.778
1859.621 4755.314 3.193 1.783
1860.473 4760.366 3.211 1.788
1861.325 4765.422 3.23 1.793
1862.176 4770.483 3.249 1.798
1863.028 4775.549 3.268 1.803
1863.88 4780.619 3.286 1.807
1864.732 4785.695 3.305 1.812
1865.584 4790.775 3.323 1.817
1866.435 4795.859 3.342 1.822
1867.287 4800.949 3.36 1.827
1868.139 4806.043 3.378 1.832
1868.991 4811.142 3.396 1.837
1869.843 4816.246 3.414 1.841
1870.694 4821.354 3.432 1.846
1871.546 4826.468 3.45 1.851
1872.398 4831.586 3.468 1.856
1873.25 4836.708 3.486 1.86
1874.102 4841.836 3.503 1.865
1874.953 4846.968 3.521 1.87
1875.805 4852.105 3.538 1.875
1876.657 4857.247 3.556 1.879
1877.509 4862.393 3.573 1.884
1878.361 4867.544 3.59 1.888
1879.212 4872.7 3.607 1.893
1880.064 4877.861 3.624 1.898
1880.916 4883.026 3.641 1.902
1881.768 4888.197 3.658 1.907
1882.619 4893.372 3.675 1.911
1883.471 4898.551 3.692 1.916
1884.323 4903.736 3.708 1.92
1885.175 4908.925 3.725 1.925
1886.027 4914.119 3.742 1.929
1886.878 4919.317 3.758 1.934
1887.73 4924.521 3.774 1.938
1888.582 4929.729 3.79 1.943
1889.434 4934.942 3.807 1.947
1890.286 4940.16 3.823 1.951
1891.137 4945.382 3.839 1.956
1891.989 4950.609 3.855 1.96
1892.841 4955.841 3.87 1.964
1893.693 4961.078 3.886 1.969
1894.545 4966.319 3.902 1.973
1895.396 4971.565 3.917 1.977
1896.248 4976.816 3.933 1.981
1897.1 4982.072 3.948 1.986
1897.952 4987.332 3.963 1.99
1898.804 4992.597 3.979 1.994
1899.655 4997.867 3.994 1.998
1900.507 5003.141 4.009 2.002
1901.359 5008.421 4.024 2.007
1902.211 5013.705 4.039 2.011
1903.063 5018.994 4.054 2.015
1903.914 5024.287 4.068 2.019
1904.766 5029.586 4.083 2.023
1905.618 5034.889 4.098 2.027
1906.47 5040.197 4.112 2.031
1907.322 5045.509 4.127 2.035
1908.173 5050.826 4.141 2.039
1909.025 5056.148 4.155 2.043
1909.877 5061.475 4.169 2.047
1910.729 5066.807 4.183 2.051
1911.581 5072.143 4.197 2.055
1912.432 5077.484 4.211 2.059
1913.284 5082.83 4.225 2.063
1914.136 5088.18 4.239 2.067
1914.988 5093.536 4.253 2.071
1915.84 5098.896 4.266 2.074
1916.691 5104.261 4.28 2.078
1917.543 5109.63 4.293 2.082
1918.395 5115.004 4.306 2.086
1919.247 5120.383 4.32 2.09
1920.099 5125.767 4.333 2.093
1920.95 5131.156 4.346 2.097
1921.802 5136.549 4.359 2.101
1922.654 5141.947 4.372 2.104
1923.506 5147.35 4.385 2.108
1924.358 5152.757 4.398 2.112
1925.209 5158.169 4.41 2.115
1926.061 5163.586 4.423 2.119
1926.913 5169.008 4.435 2.123
1927.765 5174.434 4.448 2.126
1928.617 5179.866 4.46 2.13
1929.468 5185.302 4.472 2.133
1930.32 5190.742 4.485 2.137
1931.172 5196.188 4.497 2.141
1932.024 5201.638 4.509 2.144
1932.876 5207.093 4.521 2.148
1933.727 5212.553 4.533 2.151
1934.579 5218.017 4.544 2.154
1935.431 5223.486 4.556 2.158
1936.283 5228.96 4.568 2.161
1937.134 5234.439 4.579 2.165
1937.986 5239.922 4.591 2.168
1938.838 5245.41 4.602 2.171
1939.69 5250.903 4.613 2.175
1940.542 5256.401 4.625 2.178
1941.393 5261.903 4.636 2.181
1942.245 5267.41 4.647 2.185
1943.097 5272.922 4.658 2.188
1943.949 5278.439 4.669 2.191
1944.801 5283.96 4.679 2.194
1945.652 5289.486 4.69 2.198
1946.504 5295.017 4.701 2.201
1947.356 5300.553 4.711 2.204
1948.208 5306.093 4.722 2.207
1949.06 5311.638 4.732 2.21
1949.911 5317.188 4.742 2.214
1950.763 5322.743 4.753 2.217
1951.615 5328.302 4.763 2.22
1952.467 5333.866 4.773 2.223
1953.319 5339.435 4.783 2.226
1954.17 5345.009 4.793 2.229
1955.022 5350.587 4.802 2.232
1955.874 5356.17 4.812 2.235
1956.726 5361.758 4.822 2.238
1957.578 5367.351 4.831 2.241
1958.429 5372.948 4.841 2.244
1959.281 5378.55 4.85 2.247
1960.133 5384.157 4.859 2.25
1960.985 5389.768 4.869 2.253
1961.837 5395.385 4.878 2.256
1962.688 5401.006 4.887 2.258
1963.54 5406.632 4.896 2.261
1964.392 5412.262 4.905 2.264
1965.244 5417.897 4.914 2.267
1966.096 5423.537 4.922 2.27
1966.947 5429.182 4.931 2.272
1967.799 5434.832 4.94 2.275
1968.651 5440.486 4.948 2.278
1969.503 5446.145 4.956 2.281
1970.355 5451.809 4.965 2.283
1971.206 5457.477 4.973 2.286
1972.058 5463.151 4.981 2.289
1972.91 5468.829 4.989 2.291
1973.762 5474.511 4.997 2.294
1974.614 5480.199 5.005 2.297
1975.465 5485.891 5.013 2.299
1976.317 5491.588 5.021 2.302
1977.169 5497.29 5.028 2.304
1978.021 5502.996 5.036 2.307
1978.873 5508.707 5.043 2.31
1979.724 5514.423 5.051 2.312
1980.576 5520.144 5.058 2.315
1981.428 5525.87 5.065 2.317
1982.28 5531.6 5.073 2.319
1983.132 5537.335 5.08 2.322
1983.983 5543.074 5.087 2.324
1984.835 5548.819 5.094 2.327
1985.687 5554.568 5.1 2.329
1986.539 5560.322 5.107 2.332
1987.391 5566.081 5.114 2.334
1988.242 5571.844 5.12 2.336
1989.094 5577.612 5.127 2.339
1989.946 5583.385 5.133 2.341
1990.798 5589.163 5.14 2.343
1991.649 5594.945 5.146 2.345
1992.501 5600.732 5.152 2.348
1993.353 5606.524 5.158 2.35
1994.205 5612.321 5.164 2.352
1995.057 5618.122 5.17 2.354
1995.908 5623.928 5.176 2.356
1996.76 5629.739 5.182 2.359
1997.612 5635.555 5.187 2.361
1998.464 5641.375 5.193 2.363
1999.316 5647.2 5.199 2.365
2000.167 5653.03 5.204 2.367
2001.019 5658.865 5.209 2.369
2001.871 5664.704 5.215 2.371
2002.723 5670.548 5.22 2.373
2003.575 5676.397 5.225 2.375
2004.426 5682.251 5.23 2.377
2005.278 5688.109 5.235 2.379
2006.13 5693.972 5.24 2.381
2006.982 5699.84 5.245 2.383
2007.834 5705.713 5.249 2.385
2008.685 5711.59 5.254 2.387
2009.537 5717.472 5.258 2.389
2010.389 5723.359 5.263 2.391
2011.241 5729.251 5.267 2.393
2012.093 5735.147 5.271 2.394
2012.944 5741.048 5.276 2.396
2013.796 5746.954 5.28 2.398
2014.648 5752.864 5.284 2.4
2015.5 5758.78 5.288 2.402
2016.352 5764.7 5.292 2.403
2017.203 5770.624 5.295 2.405
2018.055 5776.554 5.299 2.407
2018.907 5782.488 5.303 2.408
2019.759 5788.427 5.306 2.41
2020.611 5794.371 5.31 2.412
2021.462 5800.32 5.313 2.413
2022.314 5806.273 5.316 2.415
2023.166 5812.231 5.32 2.417
2024.018 5818.194 5.323 2.418
2024.87 5824.161 5.326 2.42
2025.721 5830.133 5.329 2.421
2026.573 5836.11 5.332 2.423
2027.425 5842.092 5.334 2.424
2028.277 5848.079 5.337 2.426
2029.129 5854.07 5.34 2.427
2029.98 5860.066 5.342 2.429
2030.832 5866.066 5.345 2.43
2031.684 5872.072 5.347 2.432
2032.536 5878.082 5.35 2.433
2033.388 5884.097 5.352 2.435
2034.239 5890.117 5.354 2.436
2035.091 5896.141 5.356 2.437
2035.943 5902.17 5.358 2.439
2036.795 5908.204 5.36 2.44
2037.647 5914.243 5.362 2.441
2038.498 5920.287 5.363 2.443
2039.35 5926.335 5.365 2.444
2040.202 5932.388 5.367 2.445
2041.054 5938.445 5.368 2.446
2041.906 5944.508 5.369 2.448
2042.757 5950.575 5.371 2.449
2043.609 5956.647 5.372 2.45
2044.461 5962.724 5.373 2.451
2045.313 5968.805 5.374 2.452
2046.165 5974.891 5.375 2.453
2047.016 5980.982 5.376 2.455
2047.868 5987.078 5.377 2.456
2048.72 5993.178 5.378 2.457
2049.572 5999.283 5.378 2.458
2050.423 6005.393 5.379 2.459
2051.275 6011.508 5.379 2.46
2052.127 6017.627 5.38 2.461
2052.979 6023.751 5.38 2.462
2053.831 6029.88 5.38 2.463
2054.682 6036.014 5.381 2.464
2055.534 6042.152 5.381 2.465
2056.386 6048.295 5.381 2.466
2057.238 6054.443 5.381 2.466
2058.09 6060.595 5.38 2.467
2058.941 6066.753 5.38 2.468
2059.793 6072.915 5.38 2.469
2060.645 6079.082 5.379 2.47
2061.497 6085.253 5.379 2.471
2062.349 6091.43 5.378 2.472
2063.2 6097.611 5.378 2.472
2064.052 6103.797 5.377 2.473
2064.904 6109.987 5.376 2.474
2065.756 6116.182 5.375 2.475
2066.608 6122.382 5.374 2.475
2067.459 6128.587 5.373 2.476
2068.311 6134.797 5.372 2.477
2069.163 6141.011 5.371 2.477
2070.015 6147.23 5.369 2.478
2070.867 6153.454 5.368 2.478
2071.718 6159.682 5.367 2.479
2072.57 6165.916 5.365 2.48
2073.422 6172.154 5.363 2.48
2074.274 6178.397 5.362 2.481
2075.126 6184.644 5.36 2.481
2075.977 6190.896 5.358 2.482
2076.829 6197.153 5.356 2.482
2077.681 6203.415 5.354 2.483
2078.533 6209.682 5.352 2.483
2079.385 6215.953 5.35 2.484
2080.236 6222.229 5.347 2.484
2081.088 6228.509 5.345 2.484
2081.94 6234.795 5.342 2.485
2082.792 6241.085 5.34 2.485
2083.644 6247.38 5.337 2.486
2084.495 6253.68 5.334 2.486
2085.347 6259.984 5.332 2.486
2086.199 6266.294 5.329 2.487
2087.051 6272.608 5.326 2.487
2087.903 6278.926 5.323 2.487
2088.754 6285.25 5.32 2.487
2089.606 6291.578 5.316 2.488
2090.458 6297.911 5.313 2.488
2091.31 6304.248 5.31 2.488
2092.162 6310.591 5.306 2.488
2093.013 6316.938 5.303 2.488
2093.865 6323.29 5.299 2.488
2094.717 6329.647 5.295 2.489
2095.569 6336.008 5.292 2.489
2096.421 6342.374 5.288 2.489
2097.272 6348.745 5.284 2.489
2098.124 6355.121 5.28 2.489
2098.976 6361.501 5.276 2.489
2099.828 6367.886 5.271 2.489
2100.68 6374.276 5.267 2.489
2101.531 6380.671 5.263 2.489
2102.383 6387.07 5.258 2.489
2103.235 6393.474 5.254 2.489
2104.087 6399.883 5.249 2.489
2104.938 6406.297 5.244 2.489
2105.79 6412.715 5.24 2.488
2106.642 6419.138 5.235 2.488
2107.494 6425.566 5.23 2.488
2108.346 6431.999 5.225 2.488
2109.197 6438.436 5.22 2.488
2110.049 6444.878 5.215 2.488
2110.901 6451.325 5.209 2.487
2111.753 6457.777 5.204 2.487
2112.605 6464.233 5.199 2.487
2113.456 6470.694 5.193 2.487
2114.308 6477.16 5.187 2.486
2115.16 6483.631 5.182 2.486
2116.012 6490.106 5.176 2.486
2116.864 6496.586 5.17 2.485
2117.715 6503.071 5.164 2.485
2118.567 6509.56 5.158 2.485
2119.419 6516.055 5.152 2.484
2120.271 6522.554 5.146 2.484
2121.123 6529.057 5.14 2.483
2121.974 6535.566 5.133 2.483
2122.826 6542.079 5.127 2.482
2123.678 6548.597 5.12 2.482
2124.53 6555.12 5.114 2.481
2125.382 6561.648 5.107 2.481
2126.233 6568.18 5.1 2.48
2127.085 6574.717 5.094 2.48
2127.937 6581.259 5.087 2.479
2128.789 6587.805 5.08 2.479
2129.641 6594.356 5.073 2.478
2130.492 6600.912 5.065 2.477
2131.344 6607.473 5.058 2.477
2132.196 6614.039 5.051 2.476
2133.048 6620.609 5.043 2.475
2133.9 6627.184 5.036 2.475
2134.751 6633.764 5.028 2.474
2135.603 6640.348 5.021 2.473
2136.455 6646.937 5.013 2.473
2137.307 6653.531 5.005 2.472
2138.159 6660.13 4.997 2.471
2139.01 6666.733 4.989 2.47
2139.862 6673.342 4.981 2.469
2140.714 6679.954 4.973 2.469
2141.566 6686.572 4.965 2.468
2142.418 6693.195 4.956 2.467
2143.269 6699.822 4.948 2.466
2144.121 6706.454 4.939 2.465
2144.973 6713.09 4.931 2.464
2145.825 6719.732 4.922 2.463
2146.677 6726.378 4.914 2.462
2147.528 6733.029 4.905 2.461
2148.38 6739.685 4.896 2.46
2149.232 6746.345 4.887 2.459
2150.084 6753.01 4.878 2.458
2150.936 6759.68 4.869 2.457
2151.787 6766.355 4.859 2.456
2152.639 6773.034 4.85 2.455
2153.491 6779.718 4.841 2.454
2154.343 6786.407 4.831 2.453
2155.195 6793.101 4.822 2.452
2156.046 6799.799 4.812 2.45
2156.898 6806.502 4.802 2.449
2157.75 6813.21 4.793 2.448
2158.602 6819.923 4.783 2.447
2159.454 6826.64 4.773 2.446
2160.305 6833.362 4.763 2.444
2161.157 6840.089 4.752 2.443
2162.009 6846.821 4.742 2.442
2162.861 6853.557 4.732 2.441
2163.712 6860.298 4.722 2.439
2164.564 6867.044 4.711 2.438
2165.416 6873.795 4.701 2.437
2166.268 6880.55 4.69 2.435
2167.12 6887.31 4.679 2.434
2167.971 6894.075 4.668 2.432
2168.823 6900.844 4.658 2.431
2169.675 6907.619 4.647 2.43
2170.527 6914.398 4.636 2.428
2171.379 6921.181 4.624 2.427
2172.23 6927.97 4.613 2.425
2173.082 6934.763 4.602 2.424
2173.934 6941.561 4.591 2.422
2174.786 6948.364 4.579 2.42
2175.638 6955.172 4.568 2.419
2176.489 6961.984 4.556 2.417
2177.341 6968.801 4.544 2.416
2178.193 6975.623 4.533 2.414
2179.045 6982.449 4.521 2.412
2179.897 6989.281 4.509 2.411
2180.748 6996.117 4.497 2.409
2181.6 7002.957 4.485 2.407
2182.452 7009.803 4.472 2.406
2183.304 7016.653 4.46 2.404
2184.156 7023.508 4.448 2.402
2185.007 7030.368 4.435 2.401
2185.859 7037.232 4.423 2.399
2186.711 7044.101 4.41 2.397
2187.563 7050.975 4.398 2.395
2188.415 7057.854 4.385 2.393
2189.266 7064.738 4.372 2.391
2190.118 7071.626 4.359 2.39
2190.97 7078.519 4.346 2.388
2191.822 7085.417 4.333 2.386
2192.674 7092.319 4.32 2.384
2193.525 7099.226 4.306 2.382
2194.377 7106.138 4.293 2.38
2195.229 7113.055 4.28 2.378
2196.081 7119.976 4.266 2.376
2196.933 7126.902 4.253 2.374
2197.784 7133.833 4.239 2.372
2198.636 7140.769 4.225 2.37
2199.488 7147.709 4.211 2.368
2200.34 7154.655 4.197 2.366
2201.192 7161.604 4.183 2.364
2202.043 7168.559 4.169 2.362
2202.895 7175.519 4.155 2.359
2203.747 7182.483 4.141 2.357
2204.599 7189.452 4.127 2.355
2205.451 7196.425 4.112 2.353
2206.302 7203.404 4.098 2.351
2207.154 7210.387 4.083 2.349
2208.006 7217.375 4.068 2.346
2208.858 7224.367 4.054 2.344
2209.71 7231.365 4.039 2.342
2210.561 7238.367 4.024 2.339
2211.413 7245.374 4.009 2.337
2212.265 7252.385 3.994 2.335
2213.117 7259.402 3.979 2.332
2213.969 7266.423 3.963 2.33
2214.82 7273.449 3.948 2.328
2215.672 7280.479 3.933 2.325
2216.524 7287.514 3.917 2.323
2217.376 7294.555 3.902 2.32
2218.227 7301.599 3.886 2.318
2219.079 7308.649 3.87 2.316
2219.931 7315.703 3.854 2.313
2220.783 7322.762 3.839 2.311
2221.635 7329.826 3.823 2.308
2222.486 7336.895 3.807 2.305
2223.338 7343.968 3.79 2.303
2224.19 7351.046 3.774 2.3
2225.042 7358.129 3.758 2.298
2225.894 7365.216 3.741 2.295
2226.745 7372.309 3.725 2.293
2227.597 7379.406 3.708 2.29
2228.449 7386.507 3.692 2.287
2229.301 7393.614 3.675 2.285
2230.153 7400.725 3.658 2.282
2231.004 7407.841 3.641 2.279
2231.856 7414.962 3.624 2.276
2232.708 7422.088 3.607 2.274
2233.56 7429.218 3.59 2.271
2234.412 7436.353 3.573 2.268
2235.263 7443.493 3.556 2.265
2236.115 7450.637 3.538 2.262
2236.967 7457.786 3.521 2.26
2237.819 7464.94 3.503 2.257
2238.671 7472.099 3.486 2.254
2239.522 7479.262 3.468 2.251
2240.374 7486.431 3.45 2.248
2241.226 7493.604 3.432 2.245
2242.078 7500.781 3.414 2.242
2242.93 7507.964 3.396 2.239
2243.781 7515.151 3.378 2.236
2244.633 7522.343 3.36 2.233
2245.485 7529.54 3.342 2.23
2246.337 7536.741 3.323 2.227
2247.189 7543.947 3.305 2.224
2248.04 7551.158 3.286 2.221
2248.892 7558.374 3.268 2.218
2249.744 7565.594 3.249 2.215
2250.596 7572.82 3.23 2.212
2251.448 7580.05 3.211 2.209
2252.299 7587.284 3.192 2.205
2253.151 7594.524 3.173 2.202
2254.003 7601.768 3.154 2.199
2254.855 7609.017 3.135 2.196
2255.707 7616.27 3.116 2.193
2256.558 7623.529 3.096 2.189
2257.41 7630.792 3.077 2.186
2258.262 7638.06 3.057 2.183
2259.114 7645.332 3.038 2.179
2259.966 7652.61 3.018 2.176
2260.817 7659.892 2.998 2.173
2261.669 7667.179 2.979 2.169
2262.521 7674.47 2.959 2.166
2263.373 7681.767 2.939 2.163
2264.225 7689.068 2.919 2.159
2265.076 7696.374 2.898 2.156
2265.928 7703.684 2.878 2.152
2266.78 7711.0 2.858 2.149
2267.632 7718.32 2.837 2.145
2268.484 7725.645 2.817 2.142
2269.335 7732.974 2.796 2.138
2270.187 7740.308 2.776 2.135
2271.039 7747.648 2.755 2.131
2271.891 7754.991 2.734 2.128
2272.742 7762.34 2.713 2.124
2273.594 7769.693 2.692 2.121
2274.446 7777.051 2.671 2.117
2275.298 7784.414 2.65 2.113
2276.15 7791.782 2.629 2.11
2277.001 7799.154 2.607 2.106
2277.853 7806.531 2.586 2.102
2278.705 7813.913 2.564 2.099
2279.557 7821.299 2.543 2.095
2280.409 7828.691 2.521 2.091
2281.26 7836.087 2.499 2.087
2282.112 7843.487 2.477 2.084
2282.964 7850.893 2.456 2.08
2283.816 7858.303 2.434 2.076
2284.668 7865.718 2.411 2.072
2285.519 7873.138 2.389 2.068
2286.371 7880.562 2.367 2.064
2287.223 7887.992 2.345 2.06
2288.075 7895.426 2.322 2.057
2288.927 7902.864 2.3 2.053
2289.778 7910.308 2.277 2.049
2290.63 7917.756 2.255 2.045
2291.482 7925.209 2.232 2.041
2292.334 7932.667 2.209 2.037
2293.186 7940.129 2.186 2.033
2294.037 7947.597 2.163 2.029
2294.889 7955.069 2.14 2.025
2295.741 7962.545 2.117 2.021
2296.593 7970.027 2.094 2.017
2297.445 7977.513 2.07 2.012
2298.296 7985.004 2.047 2.008
2299.148 7992.5 2.024 2.004