john bandy shishir #Interpolated set (x^2)
1.0 1.0 4.0 7.0
1.04 1.08 4.162 8.059
1.08 1.16 4.326 9.077
1.12 1.24 4.494 10.053
1.16 1.32 4.666 10.987
1.2 1.4 4.84 11.88
1.24 1.48 5.018 12.731
1.28 1.56 5.198 13.541
1.32 1.64 5.382 14.309
1.36 1.72 5.57 15.035
1.4 1.8 5.76 15.72
1.44 1.88 5.954 16.363
1.48 1.96 6.15 16.965
1.52 2.04 6.35 17.525
1.56 2.12 6.554 18.043
1.6 2.2 6.76 18.52
1.64 2.28 6.97 18.955
1.68 2.36 7.182 19.349
1.72 2.44 7.398 19.701
1.76 2.52 7.618 20.011
1.8 2.6 7.84 20.28
1.84 2.68 8.066 20.507
1.88 2.76 8.294 20.693
1.92 2.84 8.526 20.837
1.96 2.92 8.762 20.939
2.0 3.0 9.0 21.0
2.04 3.08 9.242 21.019
2.08 3.16 9.486 20.997
2.12 3.24 9.734 20.933
2.16 3.32 9.986 20.827
2.2 3.4 10.24 20.68
2.24 3.48 10.498 20.491
2.28 3.56 10.758 20.261
2.32 3.64 11.022 19.989
2.36 3.72 11.29 19.675
2.4 3.8 11.56 19.32
2.44 3.88 11.834 18.923
2.48 3.96 12.11 18.485
2.52 4.04 12.39 18.005
2.56 4.12 12.674 17.483
2.6 4.2 12.96 16.92
2.64 4.28 13.25 16.315
2.68 4.36 13.542 15.669
2.72 4.44 13.838 14.981
2.76 4.52 14.138 14.251
2.8 4.6 14.44 13.48
2.84 4.68 14.746 12.667
2.88 4.76 15.054 11.813
2.92 4.84 15.366 10.917
2.96 4.92 15.682 9.979
3.0 5.0 16.0 9.0

john bandy shishir #Linear set!
1.0 1.0 4.0 7.0
1.04 1.08 4.2 7.56
1.08 1.16 4.4 8.12
1.12 1.24 4.6 8.68
1.16 1.32 4.8 9.24
1.2 1.4 5.0 9.8
1.24 1.48 5.2 10.36
1.28 1.56 5.4 10.92
1.32 1.64 5.6 11.48
1.36 1.72 5.8 12.04
1.4 1.8 6.0 12.6
1.44 1.88 6.2 13.16
1.48 1.96 6.4 13.72
1.52 2.04 6.6 14.28
1.56 2.12 6.8 14.84
1.6 2.2 7.0 15.4
1.64 2.28 7.2 15.96
1.68 2.36 7.4 16.52
1.72 2.44 7.6 17.08
1.76 2.52 7.8 17.64
1.8 2.6 8.0 18.2
1.84 2.68 8.2 18.76
1.88 2.76 8.4 19.32
1.92 2.84 8.6 19.88
1.96 2.92 8.8 20.44
2.0 3.0 9.0 21.0
2.04 3.08 9.28 20.52
2.08 3.16 9.56 20.04
2.12 3.24 9.84 19.56
2.16 3.32 10.12 19.08
2.2 3.4 10.4 18.6
2.24 3.48 10.68 18.12
2.28 3.56 10.96 17.64
2.32 3.64 11.24 17.16
2.36 3.72 11.52 16.68
2.4 3.8 11.8 16.2
2.44 3.88 12.08 15.72
2.48 3.96 12.36 15.24
2.52 4.04 12.64 14.76
2.56 4.12 12.92 14.28
2.6 4.2 13.2 13.8
2.64 4.28 13.48 13.32
2.68 4.36 13.76 12.84
2.72 4.44 14.04 12.36
2.76 4.52 14.32 11.88
2.8 4.6 14.6 11.4
2.84 4.68 14.88 10.92
2.88 4.76 15.16 10.44
2.92 4.84 15.44 9.96
2.96 4.92 15.72 9.48
3.0 5.0 16.0 9.0